GAME_DATE_EST,HOME_TEAM_ID,VISITOR_TEAM_ID,SEASON,PTS_home,PTS_away,point_total,cgp,wins,losses,winpercent,cgp_away,wins_away,losses_away,winpercen_away,hometeam-homewins,hometeam-awaywins,awayteam-homewins,awayteam-awaywins
2020-03-01,1610612766,1610612749,2019,85.0,93.0,178.0,59,21,38,0.35600000000000004,59,51,8,0.8640000000000001,9,12,27,24
2020-03-01,1610612750,1610612742,2019,91.0,111.0,202.0,58,17,41,0.293,60,36,24,0.6,7,10,16,20
2020-03-01,1610612746,1610612755,2019,136.0,130.0,266.0,59,40,19,0.6779999999999999,60,37,23,0.617,24,16,28,9
2020-03-01,1610612743,1610612761,2019,133.0,118.0,251.0,59,40,19,0.6779999999999999,59,42,17,0.7120000000000001,23,17,23,19
2020-03-01,1610612758,1610612765,2019,106.0,100.0,206.0,59,25,34,0.424,61,20,41,0.32799999999999996,12,13,11,9
2020-03-01,1610612740,1610612747,2019,114.0,122.0,236.0,59,26,33,0.441,58,45,13,0.7759999999999999,12,14,21,24
2020-03-01,1610612744,1610612764,2019,110.0,124.0,234.0,60,13,47,0.217,58,21,37,0.36200000000000004,7,6,14,7
2020-02-29,1610612752,1610612741,2019,125.0,115.0,240.0,59,17,42,0.28800000000000003,59,20,39,0.33899999999999997,8,9,12,8
2020-02-29,1610612737,1610612757,2019,129.0,117.0,246.0,61,18,43,0.295,60,26,34,0.433,12,6,16,10
2020-02-29,1610612748,1610612751,2019,116.0,113.0,229.0,59,37,22,0.627,58,26,32,0.44799999999999995,24,13,16,10
2020-02-29,1610612739,1610612754,2019,104.0,113.0,217.0,59,17,42,0.28800000000000003,59,35,24,0.593,9,8,21,14
2020-02-29,1610612763,1610612747,2019,105.0,88.0,193.0,59,28,31,0.475,57,45,12,0.789,16,12,21,24
2020-02-29,1610612738,1610612745,2019,110.0,111.0,221.0,58,41,17,0.7070000000000001,58,38,20,0.655,23,18,21,17
2020-02-29,1610612759,1610612753,2019,114.0,113.0,227.0,57,24,33,0.42100000000000004,59,27,32,0.45799999999999996,14,10,16,11
2020-02-29,1610612756,1610612744,2019,99.0,115.0,214.0,60,24,36,0.4,59,12,47,0.203,11,13,7,5
2020-02-28,1610612753,1610612750,2019,136.0,125.0,261.0,58,26,32,0.44799999999999995,57,17,40,0.298,15,11,7,10
2020-02-28,1610612737,1610612751,2019,141.0,118.0,259.0,60,17,43,0.28300000000000003,57,26,31,0.456,11,6,16,10
2020-02-28,1610612761,1610612766,2019,96.0,99.0,195.0,58,42,16,0.7240000000000001,58,20,38,0.345,23,19,9,11
2020-02-28,1610612748,1610612742,2019,126.0,118.0,244.0,58,36,22,0.621,59,36,23,0.61,23,13,16,20
2020-02-28,1610612763,1610612758,2019,101.0,104.0,205.0,58,28,30,0.483,58,24,34,0.414,16,12,12,12
2020-02-28,1610612749,1610612760,2019,133.0,86.0,219.0,58,50,8,0.862,59,37,22,0.627,26,24,20,17
2020-02-28,1610612740,1610612739,2019,116.0,104.0,220.0,58,25,33,0.431,58,17,41,0.293,11,14,9,8
2020-02-28,1610612756,1610612765,2019,111.0,113.0,224.0,59,24,35,0.40700000000000003,60,19,41,0.317,11,13,11,8
2020-02-28,1610612762,1610612764,2019,129.0,119.0,248.0,58,36,22,0.621,57,21,36,0.368,20,16,14,7
2020-02-28,1610612746,1610612743,2019,132.0,103.0,235.0,58,39,19,0.672,58,40,18,0.69,23,16,23,17
2020-02-27,1610612755,1610612752,2019,115.0,106.0,221.0,59,36,23,0.61,58,17,41,0.293,27,9,8,9
2020-02-27,1610612754,1610612757,2019,106.0,100.0,206.0,58,34,24,0.586,59,26,33,0.441,20,14,16,10
2020-02-27,1610612760,1610612758,2019,112.0,108.0,220.0,58,36,22,0.621,57,24,33,0.42100000000000004,19,17,12,12
2020-02-27,1610612744,1610612747,2019,86.0,116.0,202.0,58,12,46,0.207,56,44,12,0.7859999999999999,7,5,21,23
2020-02-26,1610612766,1610612752,2019,107.0,101.0,208.0,57,19,38,0.33299999999999996,57,17,40,0.298,8,11,8,9
2020-02-26,1610612739,1610612755,2019,108.0,94.0,202.0,57,16,41,0.281,58,36,22,0.621,8,8,27,9
2020-02-26,1610612764,1610612751,2019,110.0,106.0,216.0,56,20,36,0.35700000000000004,56,26,30,0.46399999999999997,13,7,16,10
2020-02-26,1610612737,1610612753,2019,120.0,130.0,250.0,59,17,42,0.28800000000000003,57,25,32,0.439,11,6,15,10
2020-02-26,1610612748,1610612750,2019,126.0,129.0,255.0,57,36,21,0.632,56,16,40,0.28600000000000003,23,13,7,9
2020-02-26,1610612745,1610612763,2019,140.0,112.0,252.0,57,37,20,0.649,57,28,29,0.491,20,17,16,12
2020-02-26,1610612759,1610612742,2019,103.0,109.0,212.0,56,24,32,0.429,58,35,23,0.603,14,10,16,19
2020-02-26,1610612756,1610612746,2019,92.0,102.0,194.0,58,24,34,0.414,57,38,19,0.667,11,13,23,15
2020-02-26,1610612762,1610612738,2019,103.0,114.0,217.0,57,36,21,0.632,57,40,17,0.7020000000000001,20,16,23,17
2020-02-25,1610612754,1610612766,2019,119.0,80.0,199.0,57,33,24,0.579,56,19,37,0.33899999999999997,19,14,8,11
2020-02-25,1610612761,1610612749,2019,97.0,108.0,205.0,57,42,15,0.737,57,49,8,0.86,23,19,26,23
2020-02-25,1610612741,1610612760,2019,122.0,124.0,246.0,58,20,38,0.345,57,35,22,0.614,12,8,19,16
2020-02-25,1610612743,1610612765,2019,115.0,98.0,213.0,57,39,18,0.684,59,19,40,0.322,22,17,11,8
2020-02-25,1610612747,1610612740,2019,118.0,109.0,227.0,55,43,12,0.782,57,25,32,0.439,20,23,11,14
2020-02-25,1610612757,1610612738,2019,106.0,118.0,224.0,58,26,32,0.44799999999999995,56,39,17,0.696,16,10,23,16
2020-02-25,1610612744,1610612758,2019,94.0,112.0,206.0,57,12,45,0.21100000000000002,56,23,33,0.41100000000000003,7,5,12,11
2020-02-24,1610612739,1610612748,2019,125.0,119.0,244.0,56,15,41,0.268,56,36,20,0.643,7,8,23,13
2020-02-24,1610612755,1610612737,2019,129.0,112.0,241.0,57,35,22,0.614,58,17,41,0.293,26,9,11,6
2020-02-24,1610612764,1610612749,2019,134.0,137.0,271.0,55,20,35,0.364,56,48,8,0.857,13,7,26,22
2020-02-24,1610612751,1610612753,2019,113.0,115.0,228.0,55,26,29,0.473,56,24,32,0.429,16,10,15,9
2020-02-24,1610612745,1610612752,2019,123.0,112.0,235.0,56,36,20,0.643,56,17,39,0.304,19,17,8,9
2020-02-24,1610612742,1610612750,2019,139.0,123.0,262.0,57,34,23,0.596,55,16,39,0.29100000000000004,15,19,7,9
2020-02-24,1610612762,1610612756,2019,111.0,131.0,242.0,56,36,20,0.643,57,23,34,0.40399999999999997,20,16,11,12
2020-02-24,1610612746,1610612763,2019,124.0,97.0,221.0,56,37,19,0.6609999999999999,56,28,28,0.5,22,15,16,12
2020-02-23,1610612747,1610612738,2019,114.0,112.0,226.0,54,42,12,0.778,55,39,16,0.7090000000000001,19,23,23,16
2020-02-23,1610612761,1610612754,2019,127.0,81.0,208.0,56,41,15,0.732,56,33,23,0.589,22,19,19,14
2020-02-23,1610612743,1610612750,2019,128.0,116.0,244.0,56,38,18,0.679,54,16,38,0.29600000000000004,21,17,7,9
2020-02-23,1610612741,1610612764,2019,126.0,117.0,243.0,57,19,38,0.33299999999999996,54,20,34,0.37,11,8,13,7
2020-02-23,1610612760,1610612759,2019,131.0,103.0,234.0,56,34,22,0.607,55,24,31,0.436,18,16,14,10
2020-02-23,1610612744,1610612740,2019,101.0,115.0,216.0,56,12,44,0.214,56,24,32,0.429,7,5,11,13
2020-02-23,1610612757,1610612765,2019,107.0,104.0,211.0,57,25,32,0.439,58,19,39,0.32799999999999996,15,10,11,8
2020-02-22,1610612746,1610612758,2019,103.0,112.0,215.0,55,37,18,0.6729999999999999,55,22,33,0.4,22,15,12,10
2020-02-22,1610612766,1610612751,2019,86.0,115.0,201.0,55,19,36,0.345,54,25,29,0.46299999999999997,8,11,16,9
2020-02-22,1610612737,1610612742,2019,111.0,107.0,218.0,57,16,41,0.281,56,34,22,0.607,10,6,15,19
2020-02-22,1610612748,1610612739,2019,124.0,105.0,229.0,55,35,20,0.636,55,15,40,0.273,22,13,7,8
2020-02-22,1610612741,1610612756,2019,104.0,112.0,216.0,56,19,37,0.33899999999999997,56,22,34,0.39299999999999996,11,8,11,11
2020-02-22,1610612749,1610612755,2019,119.0,98.0,217.0,55,47,8,0.855,56,35,21,0.625,25,22,26,9
2020-02-22,1610612762,1610612745,2019,110.0,120.0,230.0,55,36,19,0.655,55,35,20,0.636,20,16,19,16
2020-02-21,1610612753,1610612742,2019,106.0,122.0,228.0,55,24,31,0.436,55,33,22,0.6,15,9,15,18
2020-02-21,1610612764,1610612739,2019,108.0,113.0,221.0,53,20,33,0.377,54,14,40,0.259,13,7,7,7
2020-02-21,1610612752,1610612754,2019,98.0,106.0,204.0,55,17,38,0.309,55,32,23,0.5820000000000001,8,9,19,13
2020-02-21,1610612761,1610612756,2019,118.0,101.0,219.0,55,40,15,0.727,55,22,33,0.4,21,19,11,11
2020-02-21,1610612750,1610612738,2019,117.0,127.0,244.0,53,16,37,0.302,54,38,16,0.7040000000000001,7,9,23,15
2020-02-21,1610612760,1610612743,2019,113.0,101.0,214.0,55,33,22,0.6,55,38,17,0.691,17,16,21,17
2020-02-21,1610612762,1610612759,2019,104.0,113.0,217.0,54,36,18,0.667,54,23,31,0.426,20,16,14,9
2020-02-21,1610612747,1610612763,2019,117.0,105.0,222.0,53,41,12,0.774,55,28,27,0.509,18,23,16,12
2020-02-21,1610612757,1610612740,2019,115.0,128.0,243.0,56,25,31,0.446,55,23,32,0.418,15,10,11,12
2020-02-20,1610612765,1610612749,2019,106.0,126.0,232.0,57,19,38,0.33299999999999996,54,46,8,0.852,11,8,25,21
2020-02-20,1610612737,1610612748,2019,129.0,124.0,253.0,56,15,41,0.268,54,35,19,0.648,9,6,22,13
2020-02-20,1610612755,1610612751,2019,112.0,104.0,216.0,55,34,21,0.618,53,25,28,0.47200000000000003,25,9,16,9
2020-02-20,1610612741,1610612766,2019,93.0,103.0,196.0,55,19,36,0.345,54,18,36,0.33299999999999996,11,8,8,10
2020-02-20,1610612758,1610612763,2019,129.0,125.0,254.0,54,21,33,0.389,54,28,26,0.519,11,10,16,12
2020-02-20,1610612744,1610612745,2019,105.0,135.0,240.0,55,12,43,0.218,54,34,20,0.63,7,5,19,15
2020-02-13,1610612738,1610612746,2019,141.0,133.0,274.0,53,37,16,0.698,54,37,17,0.685,22,15,22,15
2020-02-13,1610612740,1610612760,2019,118.0,123.0,241.0,54,23,31,0.426,54,32,22,0.593,11,12,17,15
2020-02-12,1610612739,1610612737,2019,127.0,105.0,232.0,53,13,40,0.245,55,15,40,0.273,6,7,9,6
2020-02-12,1610612753,1610612765,2019,116.0,112.0,228.0,54,23,31,0.426,56,19,37,0.33899999999999997,14,9,11,8
2020-02-12,1610612751,1610612761,2019,101.0,91.0,192.0,52,24,28,0.462,54,40,14,0.741,15,9,21,19
2020-02-12,1610612754,1610612749,2019,118.0,111.0,229.0,54,31,23,0.574,53,46,7,0.868,18,13,25,21
2020-02-12,1610612752,1610612764,2019,96.0,114.0,210.0,54,17,37,0.315,52,19,33,0.365,8,9,13,6
2020-02-12,1610612763,1610612757,2019,111.0,104.0,215.0,53,27,26,0.509,55,25,30,0.455,15,12,15,10
2020-02-12,1610612750,1610612766,2019,108.0,115.0,223.0,52,16,36,0.308,53,17,36,0.321,7,9,8,9
2020-02-12,1610612742,1610612758,2019,130.0,111.0,241.0,54,32,22,0.593,53,21,32,0.396,14,18,11,10
2020-02-12,1610612756,1610612744,2019,112.0,106.0,218.0,54,21,33,0.389,54,12,42,0.222,10,11,7,5
2020-02-12,1610612762,1610612748,2019,116.0,101.0,217.0,53,35,18,0.66,53,35,18,0.66,19,16,22,13
2020-02-12,1610612743,1610612747,2019,116.0,120.0,236.0,54,38,16,0.7040000000000001,52,40,12,0.769,21,17,18,22
2020-02-11,1610612755,1610612746,2019,110.0,103.0,213.0,54,33,21,0.611,53,37,16,0.698,24,9,22,15
2020-02-11,1610612764,1610612741,2019,126.0,114.0,240.0,51,18,33,0.353,54,19,35,0.35200000000000004,12,6,11,8
2020-02-11,1610612740,1610612757,2019,138.0,117.0,255.0,53,22,31,0.415,54,25,29,0.46299999999999997,10,12,15,10
2020-02-11,1610612760,1610612759,2019,106.0,114.0,220.0,53,32,21,0.604,53,22,31,0.415,17,15,14,8
2020-02-11,1610612745,1610612738,2019,116.0,105.0,221.0,53,33,20,0.623,52,37,15,0.7120000000000001,18,15,22,15
2020-02-10,1610612765,1610612766,2019,76.0,87.0,163.0,55,19,36,0.345,52,16,36,0.308,11,8,8,8
2020-02-10,1610612754,1610612751,2019,105.0,106.0,211.0,53,31,22,0.585,51,23,28,0.451,18,13,15,8
2020-02-10,1610612753,1610612737,2019,135.0,126.0,261.0,53,22,31,0.415,54,15,39,0.278,13,9,9,6
2020-02-10,1610612761,1610612750,2019,137.0,126.0,263.0,53,39,14,0.736,51,16,35,0.314,20,19,7,9
2020-02-10,1610612749,1610612758,2019,123.0,111.0,234.0,52,45,7,0.865,52,21,31,0.40399999999999997,24,21,11,10
2020-02-10,1610612742,1610612762,2019,119.0,123.0,242.0,53,32,21,0.604,52,34,18,0.654,14,18,19,15
2020-02-10,1610612743,1610612759,2019,127.0,120.0,247.0,53,37,16,0.698,52,22,30,0.423,20,17,14,8
2020-02-10,1610612744,1610612748,2019,101.0,113.0,214.0,53,12,41,0.226,52,34,18,0.654,7,5,22,12
2020-02-10,1610612747,1610612756,2019,125.0,100.0,225.0,51,39,12,0.765,53,21,32,0.396,17,22,10,11
2020-02-09,1610612760,1610612738,2019,111.0,112.0,223.0,52,32,20,0.615,51,36,15,0.706,17,15,22,14
2020-02-09,1610612737,1610612752,2019,140.0,135.0,275.0,53,14,39,0.264,53,17,36,0.321,8,6,8,9
2020-02-09,1610612755,1610612741,2019,118.0,111.0,229.0,53,32,21,0.604,53,19,34,0.358,23,9,11,8
2020-02-09,1610612764,1610612763,2019,99.0,106.0,205.0,50,18,32,0.36,52,26,26,0.5,12,6,15,11
2020-02-09,1610612745,1610612762,2019,113.0,114.0,227.0,52,33,19,0.635,51,33,18,0.647,18,15,19,14
2020-02-09,1610612739,1610612746,2019,92.0,133.0,225.0,52,13,39,0.25,52,36,16,0.6920000000000001,6,7,22,14
2020-02-09,1610612757,1610612748,2019,115.0,109.0,224.0,53,24,29,0.45299999999999996,51,34,17,0.667,14,10,22,12
2020-02-08,1610612753,1610612749,2019,95.0,111.0,206.0,52,22,30,0.423,51,44,7,0.863,13,9,24,20
2020-02-08,1610612766,1610612742,2019,100.0,116.0,216.0,51,16,35,0.314,52,31,21,0.596,8,8,14,17
2020-02-08,1610612765,1610612752,2019,92.0,95.0,187.0,54,19,35,0.35200000000000004,52,16,36,0.308,11,8,8,8
2020-02-08,1610612754,1610612740,2019,117.0,124.0,241.0,52,31,21,0.596,52,21,31,0.40399999999999997,18,13,10,11
2020-02-08,1610612761,1610612751,2019,119.0,118.0,237.0,52,38,14,0.731,50,23,27,0.46,19,19,15,8
2020-02-08,1610612750,1610612746,2019,142.0,115.0,257.0,50,15,35,0.3,51,36,15,0.706,6,9,22,14
2020-02-08,1610612744,1610612747,2019,120.0,125.0,245.0,52,12,40,0.231,50,38,12,0.76,7,5,17,21
2020-02-08,1610612756,1610612743,2019,108.0,117.0,225.0,52,21,31,0.40399999999999997,52,36,16,0.6920000000000001,10,11,20,16
2020-02-08,1610612758,1610612759,2019,122.0,102.0,224.0,51,20,31,0.392,51,22,29,0.431,10,10,14,8
2020-02-07,1610612755,1610612763,2019,119.0,107.0,226.0,52,31,21,0.596,51,26,25,0.51,22,9,15,11
2020-02-07,1610612764,1610612742,2019,119.0,118.0,237.0,49,17,32,0.34700000000000003,51,31,20,0.608,11,6,14,17
2020-02-07,1610612738,1610612737,2019,112.0,107.0,219.0,50,35,15,0.7,52,14,38,0.26899999999999996,21,14,8,6
2020-02-07,1610612754,1610612761,2019,106.0,115.0,221.0,51,31,20,0.608,51,37,14,0.725,18,13,19,18
2020-02-07,1610612760,1610612765,2019,108.0,101.0,209.0,51,31,20,0.608,53,19,34,0.358,16,15,11,8
2020-02-07,1610612756,1610612745,2019,127.0,91.0,218.0,51,20,31,0.392,51,33,18,0.647,9,11,18,15
2020-02-07,1610612758,1610612748,2019,105.0,97.0,202.0,50,19,31,0.38,50,34,16,0.68,9,10,22,12
2020-02-07,1610612762,1610612757,2019,117.0,114.0,231.0,50,32,18,0.64,52,24,28,0.462,18,14,14,10
2020-02-06,1610612752,1610612753,2019,105.0,103.0,208.0,51,15,36,0.294,51,22,29,0.431,7,8,13,9
2020-02-06,1610612741,1610612740,2019,119.0,125.0,244.0,52,19,33,0.365,51,20,31,0.392,11,8,10,10
2020-02-06,1610612749,1610612755,2019,112.0,101.0,213.0,50,43,7,0.86,51,31,20,0.608,23,20,22,9
2020-02-06,1610612757,1610612759,2019,125.0,117.0,242.0,51,23,28,0.451,50,22,28,0.44,13,10,14,8
2020-02-06,1610612747,1610612745,2019,111.0,121.0,232.0,49,38,11,0.7759999999999999,50,32,18,0.64,17,21,18,14
2020-02-05,1610612765,1610612756,2019,116.0,108.0,224.0,52,18,34,0.34600000000000003,50,20,30,0.4,10,8,9,11
2020-02-05,1610612738,1610612753,2019,116.0,100.0,216.0,49,34,15,0.6940000000000001,50,22,28,0.44,20,14,13,9
2020-02-05,1610612751,1610612744,2019,129.0,88.0,217.0,49,22,27,0.449,51,12,39,0.235,14,8,7,5
2020-02-05,1610612761,1610612754,2019,119.0,118.0,237.0,50,36,14,0.72,50,31,19,0.62,18,18,18,13
2020-02-05,1610612750,1610612737,2019,120.0,127.0,247.0,49,15,34,0.306,51,13,38,0.255,6,9,8,5
2020-02-05,1610612760,1610612739,2019,109.0,103.0,212.0,50,30,20,0.6,51,13,38,0.255,15,15,6,7
2020-02-05,1610612742,1610612763,2019,107.0,121.0,228.0,50,31,19,0.62,50,25,25,0.5,14,17,15,10
2020-02-05,1610612762,1610612743,2019,95.0,98.0,193.0,49,32,17,0.653,51,35,16,0.6859999999999999,18,14,20,15
2020-02-05,1610612746,1610612748,2019,128.0,111.0,239.0,50,35,15,0.7,49,34,15,0.6940000000000001,21,14,22,12
2020-02-04,1610612740,1610612749,2019,108.0,120.0,228.0,50,20,30,0.4,49,42,7,0.857,10,10,23,19
2020-02-04,1610612745,1610612766,2019,125.0,110.0,235.0,49,31,18,0.633,50,16,34,0.32,17,14,8,8
2020-02-04,1610612743,1610612757,2019,127.0,99.0,226.0,50,34,16,0.68,50,23,27,0.46,19,15,13,10
2020-02-04,1610612747,1610612759,2019,129.0,102.0,231.0,48,37,11,0.7709999999999999,49,22,27,0.449,16,21,14,8
2020-02-03,1610612766,1610612753,2019,100.0,112.0,212.0,49,16,33,0.327,49,21,28,0.429,8,8,13,8
2020-02-03,1610612739,1610612752,2019,134.0,139.0,273.0,50,13,37,0.26,50,14,36,0.28,6,7,7,7
2020-02-03,1610612754,1610612742,2019,103.0,112.0,215.0,49,31,18,0.633,49,30,19,0.612,18,13,14,16
2020-02-03,1610612764,1610612744,2019,117.0,125.0,242.0,48,17,31,0.354,50,11,39,0.22,11,6,7,4
2020-02-03,1610612737,1610612738,2019,115.0,123.0,238.0,50,13,37,0.26,48,33,15,0.688,8,5,20,13
2020-02-03,1610612751,1610612756,2019,119.0,97.0,216.0,48,21,27,0.438,49,20,29,0.408,13,8,9,11
2020-02-03,1610612748,1610612755,2019,137.0,106.0,243.0,48,33,15,0.688,50,31,19,0.62,21,12,22,9
2020-02-03,1610612763,1610612765,2019,96.0,82.0,178.0,49,24,25,0.49,51,18,33,0.353,14,10,10,8
2020-02-03,1610612758,1610612750,2019,113.0,109.0,222.0,49,18,31,0.3670000000000001,48,15,33,0.313,8,10,6,9
2020-02-03,1610612746,1610612759,2019,108.0,105.0,213.0,49,34,15,0.6940000000000001,48,22,26,0.458,20,14,14,8
2020-02-02,1610612765,1610612743,2019,128.0,123.0,251.0,50,17,33,0.34,49,34,15,0.6940000000000001,9,8,19,15
2020-02-02,1610612745,1610612740,2019,117.0,109.0,226.0,48,30,18,0.625,49,20,29,0.408,16,14,10,10
2020-02-02,1610612749,1610612756,2019,129.0,108.0,237.0,48,41,7,0.8540000000000001,48,20,28,0.417,22,19,9,11
2020-02-02,1610612761,1610612741,2019,129.0,102.0,231.0,49,35,14,0.7140000000000001,51,19,32,0.373,17,18,11,8
2020-02-01,1610612746,1610612750,2019,118.0,106.0,224.0,48,33,15,0.688,47,15,32,0.319,19,14,6,9
2020-02-01,1610612754,1610612752,2019,85.0,92.0,177.0,48,31,17,0.6459999999999999,49,13,36,0.265,18,13,7,6
2020-02-01,1610612753,1610612748,2019,89.0,102.0,191.0,48,21,27,0.438,47,32,15,0.6809999999999999,13,8,21,11
2020-02-01,1610612739,1610612744,2019,112.0,131.0,243.0,49,13,36,0.265,49,10,39,0.204,6,7,7,3
2020-02-01,1610612764,1610612751,2019,113.0,107.0,220.0,47,16,31,0.34,47,21,26,0.447,10,6,13,8
2020-02-01,1610612738,1610612755,2019,116.0,95.0,211.0,47,32,15,0.6809999999999999,49,31,18,0.633,19,13,22,9
2020-02-01,1610612742,1610612737,2019,123.0,100.0,223.0,48,29,19,0.604,49,13,36,0.265,13,16,8,5
2020-02-01,1610612759,1610612766,2019,114.0,90.0,204.0,47,21,26,0.447,48,16,32,0.333,13,8,8,8
2020-02-01,1610612758,1610612747,2019,113.0,129.0,242.0,48,18,30,0.375,47,36,11,0.7659999999999999,8,10,16,20
2020-02-01,1610612757,1610612762,2019,124.0,107.0,231.0,49,22,27,0.449,48,32,16,0.667,12,10,18,14
2020-01-31,1610612765,1610612761,2019,92.0,105.0,197.0,49,17,32,0.34700000000000003,48,34,14,0.708,9,8,17,17
2020-01-31,1610612751,1610612741,2019,133.0,118.0,251.0,46,20,26,0.435,50,19,31,0.38,12,8,11,8
2020-01-31,1610612745,1610612742,2019,128.0,121.0,249.0,47,29,18,0.617,47,29,18,0.617,15,14,13,16
2020-01-31,1610612740,1610612763,2019,139.0,111.0,250.0,48,19,29,0.396,48,24,24,0.5,9,10,14,10
2020-01-31,1610612749,1610612743,2019,115.0,127.0,242.0,47,41,6,0.872,48,33,15,0.688,22,19,19,14
2020-01-31,1610612756,1610612760,2019,107.0,111.0,218.0,47,20,27,0.426,49,29,20,0.5920000000000001,9,11,15,14
2020-01-31,1610612747,1610612757,2019,119.0,127.0,246.0,46,36,10,0.7829999999999999,48,21,27,0.438,16,20,12,9
2020-01-30,1610612739,1610612761,2019,109.0,115.0,224.0,48,13,35,0.271,47,33,14,0.7020000000000001,6,7,17,16
2020-01-30,1610612764,1610612766,2019,121.0,107.0,228.0,46,15,31,0.326,47,16,31,0.34,9,6,8,8
2020-01-30,1610612737,1610612755,2019,127.0,117.0,244.0,48,12,36,0.25,48,31,17,0.6459999999999999,7,5,22,9
2020-01-30,1610612738,1610612744,2019,119.0,104.0,223.0,46,31,15,0.674,48,10,38,0.208,18,13,7,3
2020-01-30,1610612743,1610612762,2019,106.0,100.0,206.0,47,32,15,0.6809999999999999,47,32,15,0.6809999999999999,18,14,18,14
2020-01-30,1610612746,1610612758,2019,103.0,124.0,227.0,47,33,14,0.7020000000000001,47,17,30,0.362,19,14,8,9
2020-01-29,1610612754,1610612741,2019,115.0,106.0,221.0,47,30,17,0.638,49,19,30,0.38799999999999996,17,13,11,8
2020-01-29,1610612751,1610612765,2019,125.0,115.0,240.0,45,19,26,0.42200000000000004,48,17,31,0.354,11,8,9,8
2020-01-29,1610612752,1610612763,2019,106.0,127.0,233.0,48,13,35,0.271,47,23,24,0.489,7,6,14,9
2020-01-29,1610612759,1610612762,2019,127.0,120.0,247.0,46,20,26,0.435,46,32,14,0.696,12,8,18,14
2020-01-29,1610612757,1610612745,2019,125.0,112.0,237.0,47,20,27,0.426,46,29,17,0.63,11,9,15,14
2020-01-29,1610612758,1610612760,2019,100.0,120.0,220.0,46,17,29,0.37,48,28,20,0.583,8,9,15,13
2020-01-28,1610612766,1610612752,2019,97.0,92.0,189.0,46,15,31,0.326,47,13,34,0.27699999999999997,7,8,7,6
2020-01-28,1610612755,1610612744,2019,115.0,104.0,219.0,47,30,17,0.638,47,10,37,0.213,21,9,7,3
2020-01-28,1610612739,1610612740,2019,111.0,125.0,236.0,47,13,34,0.27699999999999997,47,18,29,0.38299999999999995,6,7,9,9
2020-01-28,1610612761,1610612737,2019,130.0,114.0,244.0,46,32,14,0.696,47,12,35,0.255,16,16,7,5
2020-01-28,1610612748,1610612738,2019,101.0,109.0,210.0,46,32,14,0.696,45,30,15,0.667,21,11,18,12
2020-01-28,1610612763,1610612743,2019,104.0,96.0,200.0,46,22,24,0.478,46,32,14,0.696,13,9,18,14
2020-01-28,1610612749,1610612764,2019,151.0,131.0,282.0,46,40,6,0.87,45,15,30,0.33299999999999996,21,19,9,6
2020-01-28,1610612742,1610612756,2019,104.0,133.0,237.0,46,29,17,0.63,46,19,27,0.413,13,16,9,10
2020-01-27,1610612765,1610612739,2019,100.0,115.0,215.0,47,17,30,0.36200000000000004,46,12,34,0.261,9,8,6,6
2020-01-27,1610612748,1610612753,2019,113.0,92.0,205.0,45,31,14,0.6890000000000001,47,21,26,0.447,20,11,13,8
2020-01-27,1610612741,1610612759,2019,110.0,109.0,219.0,48,18,30,0.375,45,20,25,0.444,10,8,12,8
2020-01-27,1610612750,1610612758,2019,129.0,133.0,262.0,46,15,31,0.326,45,16,29,0.35600000000000004,6,9,8,8
2020-01-27,1610612760,1610612742,2019,97.0,107.0,204.0,47,28,19,0.596,45,28,17,0.622,15,13,13,15
2020-01-27,1610612762,1610612745,2019,117.0,126.0,243.0,45,32,13,0.711,45,28,17,0.622,18,14,15,13
2020-01-26,1610612743,1610612745,2019,117.0,110.0,227.0,45,31,14,0.6890000000000001,44,28,16,0.636,17,14,15,13
2020-01-26,1610612759,1610612761,2019,106.0,110.0,216.0,44,20,24,0.455,45,31,14,0.6890000000000001,12,8,16,15
2020-01-26,1610612737,1610612764,2019,152.0,133.0,285.0,46,11,35,0.239,44,15,29,0.341,6,5,9,6
2020-01-26,1610612752,1610612751,2019,110.0,97.0,207.0,46,12,34,0.261,44,19,25,0.4320000000000001,6,6,11,8
2020-01-26,1610612753,1610612746,2019,97.0,112.0,209.0,46,21,25,0.457,46,32,14,0.696,13,8,19,13
2020-01-26,1610612763,1610612756,2019,114.0,109.0,223.0,45,21,24,0.467,45,19,26,0.42200000000000004,12,9,9,10
2020-01-26,1610612740,1610612738,2019,123.0,108.0,231.0,46,17,29,0.37,44,30,14,0.682,8,9,18,12
2020-01-26,1610612757,1610612754,2019,139.0,129.0,268.0,46,19,27,0.413,46,30,16,0.652,10,9,17,13
2020-01-25,1610612762,1610612742,2019,112.0,107.0,219.0,44,31,13,0.705,44,28,16,0.636,17,14,13,15
2020-01-25,1610612765,1610612751,2019,111.0,121.0,232.0,46,17,29,0.37,43,18,25,0.419,9,8,11,7
2020-01-25,1610612739,1610612741,2019,106.0,118.0,224.0,45,12,33,0.267,47,17,30,0.36200000000000004,6,6,10,7
2020-01-25,1610612750,1610612760,2019,104.0,113.0,217.0,45,15,30,0.33299999999999996,46,27,19,0.5870000000000001,6,9,15,12
2020-01-25,1610612755,1610612747,2019,108.0,91.0,199.0,46,29,17,0.63,45,36,9,0.8,20,9,16,20
2020-01-24,1610612766,1610612749,2019,103.0,116.0,219.0,45,15,30,0.33299999999999996,45,39,6,0.867,7,8,21,18
2020-01-24,1610612765,1610612763,2019,112.0,125.0,237.0,45,17,28,0.37799999999999995,44,20,24,0.455,9,8,12,8
2020-01-24,1610612753,1610612738,2019,98.0,109.0,207.0,45,21,24,0.467,43,29,14,0.674,13,8,18,11
2020-01-24,1610612752,1610612761,2019,112.0,118.0,230.0,45,12,33,0.267,44,30,14,0.682,6,6,16,14
2020-01-24,1610612748,1610612746,2019,117.0,122.0,239.0,44,31,13,0.705,45,31,14,0.6890000000000001,20,11,19,12
2020-01-24,1610612741,1610612758,2019,81.0,98.0,179.0,46,17,29,0.37,44,15,29,0.341,10,7,8,7
2020-01-24,1610612750,1610612745,2019,124.0,131.0,255.0,44,15,29,0.341,43,27,16,0.628,6,9,15,12
2020-01-24,1610612740,1610612743,2019,106.0,113.0,219.0,45,17,28,0.37799999999999995,44,30,14,0.682,8,9,17,13
2020-01-24,1610612760,1610612737,2019,140.0,111.0,251.0,45,26,19,0.578,45,11,34,0.244,14,12,6,5
2020-01-24,1610612759,1610612756,2019,99.0,103.0,202.0,43,20,23,0.465,44,18,26,0.409,12,8,9,9
2020-01-24,1610612744,1610612754,2019,118.0,129.0,247.0,46,10,36,0.217,45,29,16,0.644,7,3,17,12
2020-01-23,1610612739,1610612764,2019,112.0,124.0,236.0,44,12,32,0.273,43,14,29,0.326,6,6,9,5
2020-01-23,1610612751,1610612747,2019,113.0,128.0,241.0,42,18,24,0.429,44,35,9,0.795,11,7,16,19
2020-01-23,1610612757,1610612742,2019,125.0,133.0,258.0,45,19,26,0.42200000000000004,43,27,16,0.628,10,9,13,14
2020-01-22,1610612765,1610612758,2019,127.0,106.0,233.0,44,16,28,0.364,43,15,28,0.349,8,8,8,7
2020-01-22,1610612753,1610612760,2019,114.0,120.0,234.0,44,21,23,0.47700000000000004,44,25,19,0.568,13,8,14,11
2020-01-22,1610612761,1610612755,2019,107.0,95.0,202.0,43,29,14,0.674,45,29,16,0.644,15,14,20,9
2020-01-22,1610612737,1610612746,2019,102.0,95.0,197.0,44,10,34,0.22699999999999998,44,31,13,0.705,5,5,19,12
2020-01-22,1610612738,1610612763,2019,119.0,95.0,214.0,42,28,14,0.667,43,20,23,0.465,17,11,12,8
2020-01-22,1610612748,1610612764,2019,134.0,129.0,263.0,43,30,13,0.698,42,14,28,0.33299999999999996,19,11,9,5
2020-01-22,1610612752,1610612747,2019,92.0,100.0,192.0,44,12,32,0.273,43,34,9,0.7909999999999999,6,6,16,18
2020-01-22,1610612741,1610612750,2019,117.0,110.0,227.0,45,16,29,0.35600000000000004,43,15,28,0.349,9,7,6,9
2020-01-22,1610612745,1610612743,2019,121.0,105.0,226.0,42,26,16,0.619,43,30,13,0.698,14,12,17,13
2020-01-22,1610612756,1610612754,2019,87.0,112.0,199.0,43,18,25,0.419,44,28,16,0.636,9,9,17,11
2020-01-22,1610612740,1610612759,2019,117.0,121.0,238.0,44,17,27,0.386,42,19,23,0.452,8,9,12,7
2020-01-22,1610612744,1610612762,2019,96.0,129.0,225.0,45,10,35,0.222,43,30,13,0.698,7,3,17,13
2020-01-21,1610612742,1610612746,2019,107.0,110.0,217.0,42,27,15,0.643,43,30,13,0.698,13,14,19,11
2020-01-20,1610612764,1610612765,2019,106.0,100.0,206.0,41,13,28,0.317,43,16,27,0.3720000000000001,8,5,8,8
2020-01-20,1610612737,1610612761,2019,117.0,122.0,239.0,43,10,33,0.233,42,28,14,0.667,5,5,15,13
2020-01-20,1610612751,1610612755,2019,111.0,117.0,228.0,41,18,23,0.439,44,28,16,0.636,11,7,20,8
2020-01-20,1610612766,1610612753,2019,83.0,106.0,189.0,44,15,29,0.341,43,20,23,0.465,7,8,13,7
2020-01-20,1610612739,1610612752,2019,86.0,106.0,192.0,43,12,31,0.27899999999999997,43,11,32,0.256,6,6,6,5
2020-01-20,1610612748,1610612758,2019,118.0,113.0,231.0,42,29,13,0.69,42,15,27,0.35700000000000004,18,11,8,7
2020-01-20,1610612745,1610612760,2019,107.0,112.0,219.0,41,26,15,0.634,43,24,19,0.5579999999999999,14,12,14,10
2020-01-20,1610612763,1610612740,2019,116.0,126.0,242.0,42,20,22,0.47600000000000003,43,16,27,0.3720000000000001,12,8,8,8
2020-01-20,1610612749,1610612741,2019,111.0,98.0,209.0,44,38,6,0.8640000000000001,44,16,28,0.364,20,18,9,7
2020-01-20,1610612738,1610612747,2019,139.0,107.0,246.0,41,27,14,0.659,42,34,8,0.81,16,11,16,18
2020-01-20,1610612750,1610612743,2019,100.0,107.0,207.0,42,15,27,0.35700000000000004,42,29,13,0.69,6,9,17,12
2020-01-20,1610612756,1610612759,2019,118.0,120.0,238.0,42,18,24,0.429,41,18,23,0.439,9,9,12,6
2020-01-20,1610612762,1610612754,2019,118.0,88.0,206.0,42,29,13,0.69,43,28,15,0.6509999999999999,16,13,17,11
2020-01-20,1610612757,1610612744,2019,129.0,124.0,253.0,44,18,26,0.409,44,10,34,0.22699999999999998,9,9,7,3
2020-01-19,1610612759,1610612748,2019,107.0,102.0,209.0,40,17,23,0.425,41,29,12,0.7070000000000001,11,6,18,11
2020-01-19,1610612743,1610612754,2019,107.0,115.0,222.0,41,29,12,0.7070000000000001,42,27,15,0.643,17,12,17,10
2020-01-18,1610612740,1610612746,2019,130.0,133.0,263.0,42,16,26,0.381,42,29,13,0.69,8,8,19,10
2020-01-18,1610612751,1610612749,2019,97.0,117.0,214.0,40,18,22,0.45,43,37,6,0.86,11,7,20,17
2020-01-18,1610612738,1610612756,2019,119.0,123.0,242.0,40,27,13,0.675,41,17,24,0.415,16,11,9,8
2020-01-18,1610612737,1610612765,2019,103.0,136.0,239.0,42,10,32,0.23800000000000002,42,15,27,0.35700000000000004,5,5,8,7
2020-01-18,1610612752,1610612755,2019,87.0,90.0,177.0,42,11,31,0.262,43,27,16,0.628,6,5,20,7
2020-01-18,1610612741,1610612739,2019,118.0,116.0,234.0,43,15,28,0.349,42,12,30,0.28600000000000003,8,7,6,6
2020-01-18,1610612750,1610612761,2019,112.0,122.0,234.0,41,15,26,0.366,41,27,14,0.659,6,9,15,12
2020-01-18,1610612745,1610612747,2019,115.0,124.0,239.0,40,26,14,0.65,41,33,8,0.805,14,12,16,17
2020-01-18,1610612744,1610612753,2019,109.0,95.0,204.0,43,9,34,0.209,42,20,22,0.47600000000000003,6,3,13,7
2020-01-18,1610612760,1610612757,2019,119.0,106.0,225.0,42,23,19,0.5479999999999999,43,18,25,0.419,13,10,9,9
2020-01-18,1610612762,1610612758,2019,123.0,101.0,224.0,41,28,13,0.6829999999999999,41,15,26,0.366,15,13,8,7
2020-01-17,1610612754,1610612750,2019,116.0,114.0,230.0,41,26,15,0.634,40,15,25,0.375,16,10,6,9
2020-01-17,1610612755,1610612741,2019,100.0,89.0,189.0,42,26,16,0.619,42,15,27,0.35700000000000004,19,7,8,7
2020-01-17,1610612761,1610612764,2019,140.0,111.0,251.0,40,26,14,0.65,40,13,27,0.325,14,12,8,5
2020-01-17,1610612763,1610612739,2019,113.0,109.0,222.0,41,19,22,0.46299999999999997,41,12,29,0.293,11,8,6,6
2020-01-17,1610612760,1610612748,2019,108.0,115.0,223.0,41,23,18,0.561,40,28,12,0.7,13,10,18,10
2020-01-17,1610612759,1610612737,2019,120.0,121.0,241.0,39,17,22,0.436,41,9,32,0.22,11,6,5,4
2020-01-17,1610612742,1610612757,2019,120.0,112.0,232.0,41,26,15,0.634,42,18,24,0.429,12,14,9,9
2020-01-16,1610612752,1610612756,2019,98.0,121.0,219.0,41,11,30,0.268,40,16,24,0.4,6,5,9,7
2020-01-16,1610612749,1610612738,2019,128.0,123.0,251.0,42,36,6,0.857,39,27,12,0.6920000000000001,19,17,16,11
2020-01-16,1610612740,1610612762,2019,138.0,132.0,270.0,41,15,26,0.366,40,28,12,0.7,7,8,15,13
2020-01-16,1610612744,1610612743,2019,131.0,134.0,265.0,42,9,33,0.214,40,28,12,0.7,6,3,17,11
2020-01-16,1610612746,1610612753,2019,122.0,95.0,217.0,41,28,13,0.6829999999999999,41,20,21,0.488,18,10,13,7
2020-01-15,1610612738,1610612765,2019,103.0,116.0,219.0,38,27,11,0.711,41,14,27,0.341,16,11,8,6
2020-01-15,1610612755,1610612751,2019,117.0,106.0,223.0,41,25,16,0.61,39,18,21,0.462,18,7,11,7
2020-01-15,1610612748,1610612759,2019,106.0,100.0,206.0,39,27,12,0.6920000000000001,38,17,21,0.447,17,10,11,6
2020-01-15,1610612741,1610612764,2019,115.0,106.0,221.0,41,14,27,0.341,39,13,26,0.33299999999999996,7,7,8,5
2020-01-15,1610612750,1610612754,2019,99.0,104.0,203.0,39,15,24,0.385,40,25,15,0.625,6,9,16,9
2020-01-15,1610612760,1610612761,2019,121.0,130.0,251.0,40,23,17,0.575,39,25,14,0.6409999999999999,13,10,14,11
2020-01-15,1610612743,1610612766,2019,100.0,86.0,186.0,39,27,12,0.6920000000000001,43,15,28,0.349,16,11,7,8
2020-01-15,1610612745,1610612757,2019,107.0,117.0,224.0,39,26,13,0.667,41,17,24,0.415,14,12,9,8
2020-01-15,1610612758,1610612742,2019,123.0,127.0,250.0,40,15,25,0.375,40,25,15,0.625,8,7,12,13
2020-01-15,1610612747,1610612753,2019,118.0,119.0,237.0,40,33,7,0.825,40,19,21,0.475,16,17,13,6
2020-01-14,1610612737,1610612756,2019,123.0,110.0,233.0,40,8,32,0.2,39,16,23,0.41,4,4,9,7
2020-01-14,1610612751,1610612762,2019,107.0,118.0,225.0,38,18,20,0.474,39,27,12,0.6920000000000001,11,7,15,12
2020-01-14,1610612763,1610612745,2019,121.0,110.0,231.0,40,18,22,0.45,38,26,12,0.684,10,8,14,12
2020-01-14,1610612749,1610612752,2019,128.0,102.0,230.0,41,35,6,0.8540000000000001,40,11,29,0.275,18,17,6,5
2020-01-14,1610612744,1610612742,2019,97.0,124.0,221.0,41,9,32,0.22,39,24,15,0.615,6,3,12,12
2020-01-14,1610612746,1610612739,2019,128.0,103.0,231.0,40,27,13,0.675,40,12,28,0.3,17,10,6,6
2020-01-13,1610612765,1610612740,2019,110.0,117.0,227.0,40,14,26,0.35,40,14,26,0.35,8,6,7,7
2020-01-13,1610612754,1610612755,2019,101.0,95.0,196.0,39,24,15,0.615,40,25,15,0.625,15,9,18,7
2020-01-13,1610612738,1610612741,2019,113.0,101.0,214.0,37,26,11,0.703,40,14,26,0.35,15,11,7,7
2020-01-13,1610612750,1610612760,2019,104.0,117.0,221.0,38,15,23,0.395,39,22,17,0.564,6,9,13,9
2020-01-13,1610612757,1610612766,2019,115.0,112.0,227.0,40,16,24,0.4,42,15,27,0.35700000000000004,8,8,7,8
2020-01-13,1610612758,1610612753,2019,112.0,114.0,226.0,39,15,24,0.385,39,18,21,0.462,8,7,13,5
2020-01-13,1610612747,1610612739,2019,128.0,99.0,227.0,39,32,7,0.821,39,12,27,0.308,15,17,6,6
2020-01-12,1610612752,1610612748,2019,124.0,121.0,245.0,39,10,29,0.256,38,27,11,0.711,5,5,17,10
2020-01-12,1610612764,1610612762,2019,116.0,127.0,243.0,38,13,25,0.342,38,26,12,0.684,8,5,15,11
2020-01-12,1610612751,1610612737,2019,108.0,86.0,194.0,37,17,20,0.45899999999999996,39,8,31,0.205,10,7,4,4
2020-01-12,1610612761,1610612759,2019,104.0,105.0,209.0,38,25,13,0.6579999999999999,37,16,21,0.4320000000000001,14,11,11,5
2020-01-12,1610612763,1610612744,2019,122.0,102.0,224.0,39,17,22,0.436,40,9,31,0.225,9,8,6,3
2020-01-12,1610612743,1610612746,2019,114.0,104.0,218.0,38,26,12,0.684,39,27,12,0.6920000000000001,15,11,17,10
2020-01-12,1610612756,1610612766,2019,100.0,92.0,192.0,38,15,23,0.395,41,15,26,0.366,8,7,7,8
2020-01-11,1610612745,1610612750,2019,139.0,109.0,248.0,37,25,12,0.6759999999999999,37,15,22,0.405,13,12,6,9
2020-01-11,1610612738,1610612740,2019,140.0,105.0,245.0,36,25,11,0.6940000000000001,39,14,25,0.359,14,11,7,7
2020-01-11,1610612765,1610612741,2019,99.0,108.0,207.0,39,14,25,0.359,39,13,26,0.33299999999999996,8,6,7,6
2020-01-11,1610612760,1610612747,2019,110.0,125.0,235.0,38,22,16,0.579,38,31,7,0.816,13,9,15,16
2020-01-11,1610612742,1610612755,2019,109.0,91.0,200.0,38,23,15,0.605,39,25,14,0.6409999999999999,11,12,18,7
2020-01-11,1610612743,1610612739,2019,103.0,111.0,214.0,37,26,11,0.703,38,11,27,0.289,15,11,6,5
2020-01-11,1610612757,1610612749,2019,101.0,122.0,223.0,39,16,23,0.41,40,34,6,0.85,8,8,18,16
2020-01-10,1610612764,1610612737,2019,111.0,101.0,212.0,37,12,25,0.324,38,8,30,0.21100000000000002,7,5,4,4
2020-01-10,1610612752,1610612740,2019,111.0,123.0,234.0,38,10,28,0.263,38,13,25,0.342,5,5,7,6
2020-01-10,1610612751,1610612748,2019,117.0,113.0,230.0,36,16,20,0.444,37,27,10,0.73,9,7,17,10
2020-01-10,1610612741,1610612754,2019,105.0,116.0,221.0,38,13,25,0.342,38,23,15,0.605,7,6,15,8
2020-01-10,1610612763,1610612759,2019,134.0,121.0,255.0,38,16,22,0.42100000000000004,36,16,20,0.444,8,8,11,5
2020-01-10,1610612756,1610612753,2019,98.0,94.0,192.0,37,14,23,0.37799999999999995,38,18,20,0.474,7,7,13,5
2020-01-10,1610612762,1610612766,2019,109.0,92.0,201.0,37,25,12,0.6759999999999999,40,15,25,0.375,14,11,7,8
2020-01-10,1610612742,1610612747,2019,114.0,129.0,243.0,37,23,14,0.622,37,30,7,0.8109999999999999,11,12,15,15
2020-01-10,1610612758,1610612749,2019,106.0,127.0,233.0,38,15,23,0.395,39,33,6,0.846,8,7,18,15
2020-01-10,1610612746,1610612744,2019,109.0,100.0,209.0,38,26,12,0.684,39,9,30,0.231,16,10,6,3
2020-01-09,1610612765,1610612739,2019,112.0,115.0,227.0,38,14,24,0.368,37,10,27,0.27,8,6,6,4
2020-01-09,1610612755,1610612738,2019,109.0,98.0,207.0,38,24,14,0.632,35,25,10,0.7140000000000001,17,7,14,11
2020-01-09,1610612750,1610612757,2019,116.0,102.0,218.0,36,14,22,0.389,38,16,22,0.42100000000000004,5,9,8,8
2020-01-09,1610612760,1610612745,2019,113.0,92.0,205.0,37,21,16,0.568,36,25,11,0.6940000000000001,12,9,13,12
2020-01-08,1610612738,1610612759,2019,114.0,129.0,243.0,34,25,9,0.735,35,15,20,0.429,14,11,11,4
2020-01-08,1610612766,1610612761,2019,110.0,112.0,222.0,39,15,24,0.385,37,24,13,0.649,7,8,14,10
2020-01-08,1610612754,1610612748,2019,108.0,122.0,230.0,37,23,14,0.622,36,26,10,0.722,15,8,17,9
2020-01-08,1610612753,1610612764,2019,123.0,89.0,212.0,37,17,20,0.45899999999999996,36,12,24,0.33299999999999996,12,5,7,5
2020-01-08,1610612737,1610612745,2019,115.0,122.0,237.0,37,8,29,0.21600000000000005,35,24,11,0.6859999999999999,4,4,13,11
2020-01-08,1610612742,1610612743,2019,106.0,107.0,213.0,36,23,13,0.639,36,25,11,0.6940000000000001,11,12,15,10
2020-01-08,1610612740,1610612741,2019,123.0,108.0,231.0,37,12,25,0.324,37,13,24,0.35100000000000003,6,6,7,6
2020-01-08,1610612762,1610612752,2019,128.0,104.0,232.0,36,24,12,0.667,37,10,27,0.27,13,11,5,5
2020-01-08,1610612744,1610612749,2019,98.0,107.0,205.0,38,9,29,0.237,38,32,6,0.8420000000000001,6,3,18,14
2020-01-07,1610612739,1610612765,2019,113.0,115.0,228.0,36,10,26,0.278,37,13,24,0.35100000000000003,6,4,8,5
2020-01-07,1610612761,1610612757,2019,99.0,101.0,200.0,36,24,12,0.667,37,15,22,0.405,14,10,8,7
2020-01-07,1610612751,1610612760,2019,103.0,111.0,214.0,35,16,19,0.457,36,20,16,0.556,9,7,12,8
2020-01-07,1610612763,1610612750,2019,119.0,112.0,231.0,37,15,22,0.405,35,14,21,0.4,7,8,5,9
2020-01-07,1610612756,1610612758,2019,103.0,114.0,217.0,36,14,22,0.389,37,14,23,0.37799999999999995,7,7,8,6
2020-01-07,1610612747,1610612752,2019,117.0,87.0,204.0,36,29,7,0.8059999999999999,36,10,26,0.278,14,15,5,5
2020-01-06,1610612766,1610612754,2019,104.0,115.0,219.0,38,15,23,0.395,36,22,14,0.611,7,8,15,7
2020-01-06,1610612753,1610612751,2019,101.0,89.0,190.0,36,16,20,0.444,34,16,18,0.47100000000000003,11,5,9,7
2020-01-06,1610612755,1610612760,2019,120.0,113.0,233.0,37,23,14,0.622,35,20,15,0.5710000000000001,16,7,12,8
2020-01-06,1610612764,1610612738,2019,99.0,94.0,193.0,35,11,24,0.314,33,25,8,0.758,6,5,14,11
2020-01-06,1610612737,1610612743,2019,115.0,123.0,238.0,36,8,28,0.222,35,24,11,0.6859999999999999,4,4,15,9
2020-01-06,1610612740,1610612762,2019,126.0,128.0,254.0,36,12,24,0.33299999999999996,35,23,12,0.657,6,6,13,10
2020-01-06,1610612742,1610612741,2019,118.0,110.0,228.0,35,22,13,0.629,36,13,23,0.361,10,12,7,6
2020-01-06,1610612759,1610612749,2019,126.0,104.0,230.0,34,14,20,0.41200000000000003,37,32,5,0.865,10,4,18,14
2020-01-06,1610612758,1610612744,2019,111.0,98.0,209.0,36,13,23,0.361,37,9,28,0.243,7,6,6,3
2020-01-05,1610612746,1610612752,2019,135.0,132.0,267.0,37,25,12,0.6759999999999999,35,10,25,0.28600000000000003,15,10,5,5
2020-01-05,1610612748,1610612757,2019,122.0,111.0,233.0,35,25,10,0.7140000000000001,36,15,21,0.41700000000000004,16,9,8,7
2020-01-05,1610612739,1610612750,2019,103.0,118.0,221.0,35,10,25,0.28600000000000003,34,13,21,0.382,6,4,5,8
2020-01-05,1610612756,1610612763,2019,114.0,121.0,235.0,35,14,21,0.4,36,14,22,0.389,7,7,7,7
2020-01-05,1610612747,1610612765,2019,106.0,99.0,205.0,35,28,7,0.8,36,13,23,0.361,13,15,8,5
2020-01-04,1610612746,1610612763,2019,114.0,140.0,254.0,36,25,11,0.6940000000000001,35,13,22,0.371,15,10,7,6
2020-01-04,1610612751,1610612761,2019,102.0,121.0,223.0,33,16,17,0.485,35,23,12,0.657,9,7,14,9
2020-01-04,1610612753,1610612762,2019,96.0,109.0,205.0,35,16,19,0.457,34,22,12,0.647,11,5,13,9
2020-01-04,1610612737,1610612754,2019,116.0,111.0,227.0,35,7,28,0.2,35,22,13,0.629,3,4,15,7
2020-01-04,1610612739,1610612760,2019,106.0,121.0,227.0,34,10,24,0.294,34,19,15,0.5589999999999999,6,4,12,7
2020-01-04,1610612764,1610612743,2019,128.0,114.0,242.0,34,10,24,0.294,34,24,10,0.706,5,5,15,9
2020-01-04,1610612741,1610612738,2019,104.0,111.0,215.0,35,13,22,0.371,32,24,8,0.75,7,6,14,10
2020-01-04,1610612742,1610612766,2019,120.0,123.0,243.0,34,22,12,0.647,37,14,23,0.37799999999999995,10,12,7,7
2020-01-04,1610612749,1610612759,2019,127.0,118.0,245.0,36,31,5,0.861,33,14,19,0.424,17,14,10,4
2020-01-04,1610612744,1610612765,2019,104.0,111.0,215.0,36,9,27,0.25,35,12,23,0.34299999999999997,6,3,8,4
2020-01-04,1610612758,1610612740,2019,115.0,117.0,232.0,35,13,22,0.371,35,11,24,0.314,7,6,6,5
2020-01-03,1610612738,1610612737,2019,109.0,106.0,215.0,31,23,8,0.742,34,7,27,0.20600000000000002,13,10,3,4
2020-01-03,1610612753,1610612748,2019,105.0,85.0,190.0,34,15,19,0.441,34,25,9,0.735,10,5,16,9
2020-01-03,1610612764,1610612757,2019,103.0,122.0,225.0,33,10,23,0.303,35,14,21,0.4,5,5,8,6
2020-01-03,1610612745,1610612755,2019,118.0,108.0,226.0,34,23,11,0.6759999999999999,36,23,13,0.639,12,11,16,7
2020-01-03,1610612756,1610612752,2019,120.0,112.0,232.0,34,13,21,0.382,34,10,24,0.294,6,7,5,5
2020-01-03,1610612747,1610612740,2019,123.0,113.0,236.0,34,27,7,0.794,34,11,23,0.324,12,15,6,5
2020-01-02,1610612739,1610612766,2019,106.0,109.0,215.0,33,10,23,0.303,36,13,23,0.361,6,4,7,6
2020-01-02,1610612754,1610612743,2019,116.0,124.0,240.0,34,22,12,0.647,33,23,10,0.6970000000000001,15,7,15,8
2020-01-02,1610612748,1610612761,2019,84.0,76.0,160.0,33,24,9,0.727,34,23,11,0.6759999999999999,15,9,14,9
2020-01-02,1610612741,1610612762,2019,98.0,102.0,200.0,34,13,21,0.382,33,21,12,0.636,7,6,13,8
2020-01-02,1610612750,1610612744,2019,99.0,84.0,183.0,33,12,21,0.364,35,9,26,0.257,4,8,6,3
2020-01-02,1610612742,1610612751,2019,123.0,111.0,234.0,33,21,12,0.636,32,16,16,0.5,9,12,9,7
2020-01-02,1610612759,1610612760,2019,103.0,109.0,212.0,32,14,18,0.438,33,18,15,0.545,10,4,12,6
2020-01-02,1610612758,1610612763,2019,128.0,123.0,251.0,34,12,22,0.353,34,13,21,0.382,6,6,7,6
2020-01-02,1610612746,1610612765,2019,126.0,112.0,238.0,35,24,11,0.6859999999999999,34,12,22,0.353,14,10,8,4
2020-01-01,1610612764,1610612753,2019,101.0,122.0,223.0,32,10,22,0.313,33,14,19,0.424,5,5,10,4
2020-01-01,1610612752,1610612757,2019,117.0,93.0,210.0,33,9,24,0.273,34,14,20,0.412,4,5,8,6
2020-01-01,1610612749,1610612750,2019,106.0,104.0,210.0,35,30,5,0.857,32,12,20,0.375,16,14,4,8
2020-01-01,1610612747,1610612756,2019,117.0,107.0,224.0,33,26,7,0.7879999999999999,33,13,20,0.394,11,15,6,7
2019-12-31,1610612766,1610612738,2019,92.0,109.0,201.0,35,13,22,0.371,30,22,8,0.733,7,6,13,9
2019-12-31,1610612754,1610612755,2019,115.0,97.0,212.0,33,21,12,0.636,35,23,12,0.657,14,7,16,7
2019-12-31,1610612758,1610612746,2019,87.0,105.0,192.0,33,12,21,0.364,34,23,11,0.6759999999999999,6,6,14,9
2019-12-31,1610612761,1610612739,2019,117.0,97.0,214.0,33,22,11,0.667,32,10,22,0.313,13,9,6,4
2019-12-31,1610612745,1610612743,2019,130.0,104.0,234.0,33,22,11,0.667,32,23,9,0.7190000000000001,11,11,15,8
2019-12-31,1610612759,1610612744,2019,117.0,113.0,230.0,31,13,18,0.419,34,9,25,0.265,9,4,6,3
2019-12-31,1610612760,1610612742,2019,106.0,101.0,207.0,32,17,15,0.531,32,21,11,0.6559999999999999,11,6,9,12
2019-12-30,1610612753,1610612737,2019,93.0,101.0,194.0,32,14,18,0.43799999999999994,33,6,27,0.182,10,4,3,3
2019-12-30,1610612764,1610612748,2019,123.0,105.0,228.0,31,9,22,0.29,32,24,8,0.75,4,5,15,9
2019-12-30,1610612741,1610612749,2019,102.0,123.0,225.0,33,13,20,0.39399999999999996,34,29,5,0.853,7,6,16,13
2019-12-30,1610612750,1610612751,2019,122.0,115.0,237.0,31,11,20,0.355,31,16,15,0.516,3,8,9,7
2019-12-30,1610612762,1610612765,2019,104.0,81.0,185.0,32,20,12,0.625,33,12,21,0.364,12,8,8,4
2019-12-30,1610612757,1610612756,2019,116.0,122.0,238.0,33,14,19,0.424,32,12,20,0.375,8,6,6,6
2019-12-29,1610612761,1610612760,2019,97.0,98.0,195.0,32,22,10,0.688,31,16,15,0.516,13,9,11,5
2019-12-29,1610612763,1610612766,2019,117.0,104.0,221.0,33,12,21,0.364,34,13,21,0.382,6,6,7,6
2019-12-29,1610612740,1610612745,2019,127.0,112.0,239.0,33,10,23,0.303,32,22,10,0.688,5,5,11,11
2019-12-29,1610612743,1610612758,2019,120.0,115.0,235.0,31,22,9,0.71,32,12,20,0.375,14,8,6,6
2019-12-29,1610612747,1610612742,2019,108.0,95.0,203.0,32,25,7,0.7809999999999999,31,21,10,0.677,10,15,9,12
2019-12-28,1610612743,1610612763,2019,119.0,110.0,229.0,30,21,9,0.7,32,12,20,0.375,13,8,6,6
2019-12-28,1610612738,1610612761,2019,97.0,113.0,210.0,29,22,7,0.759,31,21,10,0.677,13,9,13,8
2019-12-28,1610612740,1610612754,2019,120.0,98.0,218.0,32,9,23,0.281,32,21,11,0.6559999999999999,4,5,14,7
2019-12-28,1610612748,1610612755,2019,117.0,116.0,233.0,31,23,8,0.742,34,23,11,0.6759999999999999,14,9,16,7
2019-12-28,1610612764,1610612752,2019,100.0,107.0,207.0,30,9,21,0.3,32,8,24,0.25,4,5,4,4
2019-12-28,1610612741,1610612737,2019,116.0,81.0,197.0,32,12,20,0.375,32,6,26,0.188,6,6,3,3
2019-12-28,1610612745,1610612751,2019,108.0,98.0,206.0,31,21,10,0.677,30,16,14,0.5329999999999999,10,11,9,7
2019-12-28,1610612750,1610612739,2019,88.0,94.0,182.0,30,11,19,0.3670000000000001,31,9,22,0.29,3,8,6,3
2019-12-28,1610612749,1610612753,2019,111.0,100.0,211.0,33,28,5,0.848,31,14,17,0.452,15,13,10,4
2019-12-28,1610612759,1610612765,2019,136.0,109.0,245.0,30,12,18,0.4,32,12,20,0.375,8,4,8,4
2019-12-28,1610612744,1610612742,2019,121.0,141.0,262.0,33,9,24,0.273,30,20,10,0.667,6,3,9,11
2019-12-28,1610612758,1610612756,2019,110.0,112.0,222.0,31,12,19,0.387,31,11,20,0.355,6,6,6,5
2019-12-28,1610612757,1610612747,2019,120.0,128.0,248.0,32,14,18,0.43799999999999994,31,24,7,0.774,8,6,10,14
2019-12-28,1610612746,1610612762,2019,107.0,120.0,227.0,33,23,10,0.6970000000000001,31,19,12,0.613,14,9,12,7
2019-12-27,1610612738,1610612739,2019,129.0,117.0,246.0,28,21,7,0.75,30,9,21,0.3,12,9,6,3
2019-12-27,1610612766,1610612760,2019,102.0,104.0,206.0,33,13,20,0.39399999999999996,30,15,15,0.5,7,6,11,4
2019-12-27,1610612753,1610612755,2019,98.0,97.0,195.0,30,13,17,0.433,33,23,10,0.6970000000000001,9,4,16,7
2019-12-27,1610612737,1610612749,2019,86.0,112.0,198.0,31,6,25,0.19399999999999998,32,27,5,0.8440000000000001,3,3,15,12
2019-12-27,1610612748,1610612754,2019,113.0,112.0,225.0,30,22,8,0.733,31,21,10,0.677,13,9,14,7
2019-12-27,1610612744,1610612756,2019,105.0,96.0,201.0,32,8,24,0.25,30,11,19,0.3670000000000001,5,3,6,5
2019-12-26,1610612765,1610612764,2019,132.0,102.0,234.0,31,11,20,0.355,29,9,20,0.31,7,4,4,5
2019-12-26,1610612751,1610612752,2019,82.0,94.0,176.0,29,16,13,0.552,31,7,24,0.226,9,7,4,3
2019-12-26,1610612760,1610612763,2019,97.0,110.0,207.0,29,15,14,0.517,31,11,20,0.355,11,4,6,5
2019-12-26,1610612742,1610612759,2019,102.0,98.0,200.0,29,19,10,0.655,29,12,17,0.414,8,11,8,4
2019-12-26,1610612758,1610612750,2019,104.0,105.0,209.0,30,12,18,0.4,29,10,19,0.345,6,6,3,7
2019-12-26,1610612762,1610612757,2019,121.0,115.0,236.0,30,18,12,0.6,31,14,17,0.452,11,7,8,6
2019-12-25,1610612761,1610612738,2019,102.0,118.0,220.0,30,21,9,0.7,27,20,7,0.741,13,8,12,8
2019-12-25,1610612755,1610612749,2019,121.0,109.0,230.0,32,22,10,0.688,31,27,4,0.871,15,7,15,12
2019-12-25,1610612744,1610612745,2019,116.0,104.0,220.0,31,7,24,0.226,30,21,9,0.7,4,3,10,11
2019-12-25,1610612747,1610612746,2019,106.0,111.0,217.0,30,24,6,0.8,32,22,10,0.688,10,14,14,8
2019-12-25,1610612743,1610612740,2019,100.0,112.0,212.0,29,21,8,0.7240000000000001,31,8,23,0.258,13,8,4,4
2019-12-23,1610612739,1610612737,2019,121.0,118.0,239.0,29,8,21,0.276,30,6,24,0.2,5,3,3,3
2019-12-23,1610612765,1610612755,2019,109.0,125.0,234.0,30,11,19,0.3670000000000001,31,21,10,0.677,7,4,15,6
2019-12-23,1610612754,1610612761,2019,120.0,115.0,235.0,30,20,10,0.667,29,21,8,0.7240000000000001,13,7,13,8
2019-12-23,1610612752,1610612764,2019,115.0,121.0,236.0,30,7,23,0.233,28,8,20,0.28600000000000003,4,3,4,4
2019-12-23,1610612753,1610612741,2019,103.0,95.0,198.0,29,12,17,0.414,31,12,19,0.387,8,4,6,6
2019-12-23,1610612748,1610612762,2019,107.0,104.0,211.0,29,21,8,0.7240000000000001,29,18,11,0.621,12,9,11,7
2019-12-23,1610612763,1610612759,2019,115.0,145.0,260.0,30,11,19,0.3670000000000001,28,11,17,0.39299999999999996,6,5,8,3
2019-12-23,1610612756,1610612743,2019,111.0,113.0,224.0,29,11,18,0.379,28,20,8,0.7140000000000001,6,5,13,7
2019-12-23,1610612757,1610612740,2019,94.0,102.0,196.0,30,14,16,0.467,30,7,23,0.233,8,6,4,3
2019-12-23,1610612758,1610612745,2019,104.0,113.0,217.0,29,12,17,0.414,29,20,9,0.69,6,6,10,10
2019-12-23,1610612744,1610612750,2019,113.0,104.0,217.0,30,6,24,0.2,28,10,18,0.35700000000000004,3,3,3,7
2019-12-22,1610612761,1610612742,2019,110.0,107.0,217.0,28,20,8,0.7140000000000001,28,19,9,0.679,12,8,8,11
2019-12-22,1610612738,1610612766,2019,119.0,93.0,212.0,26,19,7,0.731,32,13,19,0.406,11,8,7,6
2019-12-22,1610612749,1610612754,2019,117.0,89.0,206.0,30,26,4,0.867,29,20,9,0.69,14,12,13,7
2019-12-22,1610612760,1610612746,2019,118.0,112.0,230.0,28,14,14,0.5,31,22,9,0.71,10,4,14,8
2019-12-22,1610612747,1610612743,2019,104.0,128.0,232.0,29,24,5,0.828,27,19,8,0.7040000000000001,10,14,13,6
2019-12-21,1610612766,1610612762,2019,107.0,114.0,221.0,31,13,18,0.419,28,17,11,0.607,7,6,11,6
2019-12-21,1610612751,1610612737,2019,122.0,112.0,234.0,28,15,13,0.536,29,6,23,0.207,8,7,3,3
2019-12-21,1610612765,1610612741,2019,107.0,119.0,226.0,29,11,18,0.379,30,11,19,0.3670000000000001,7,4,6,5
2019-12-21,1610612755,1610612764,2019,125.0,108.0,233.0,30,20,10,0.667,27,8,19,0.29600000000000004,14,6,4,4
2019-12-21,1610612752,1610612749,2019,102.0,123.0,225.0,29,7,22,0.24100000000000002,29,25,4,0.862,4,3,14,11
2019-12-21,1610612763,1610612758,2019,119.0,115.0,234.0,29,10,19,0.345,28,12,16,0.429,5,5,6,6
2019-12-21,1610612759,1610612746,2019,109.0,134.0,243.0,27,11,16,0.40700000000000003,30,21,9,0.7,8,3,14,7
2019-12-21,1610612756,1610612745,2019,125.0,139.0,264.0,28,11,17,0.39299999999999996,28,19,9,0.679,6,5,10,9
2019-12-21,1610612757,1610612750,2019,113.0,106.0,219.0,29,13,16,0.44799999999999995,27,10,17,0.37,7,6,3,7
2019-12-20,1610612739,1610612763,2019,114.0,107.0,221.0,28,7,21,0.25,28,10,18,0.35700000000000004,4,3,5,5
2019-12-20,1610612754,1610612758,2019,119.0,105.0,224.0,28,19,9,0.679,27,12,15,0.444,12,7,6,6
2019-12-20,1610612738,1610612765,2019,114.0,93.0,207.0,25,18,7,0.72,28,11,17,0.39299999999999996,10,8,7,4
2019-12-20,1610612761,1610612764,2019,122.0,118.0,240.0,27,19,8,0.7040000000000001,26,8,18,0.308,11,8,4,4
2019-12-20,1610612748,1610612752,2019,129.0,114.0,243.0,28,20,8,0.7140000000000001,28,7,21,0.25,11,9,4,3
2019-12-20,1610612755,1610612742,2019,98.0,117.0,215.0,29,20,9,0.69,27,18,9,0.667,14,6,8,10
2019-12-20,1610612760,1610612756,2019,126.0,108.0,234.0,27,13,14,0.48100000000000004,27,11,16,0.40700000000000003,9,4,6,5
2019-12-20,1610612743,1610612750,2019,109.0,100.0,209.0,26,18,8,0.6920000000000001,26,10,16,0.385,12,6,3,7
2019-12-20,1610612757,1610612753,2019,118.0,103.0,221.0,28,12,16,0.429,28,12,16,0.429,6,6,8,4
2019-12-20,1610612744,1610612740,2019,106.0,102.0,208.0,29,5,24,0.172,29,7,22,0.24100000000000002,2,3,4,3
2019-12-19,1610612737,1610612762,2019,106.0,111.0,217.0,28,6,22,0.214,27,16,11,0.593,3,3,11,5
2019-12-19,1610612749,1610612747,2019,111.0,104.0,215.0,28,24,4,0.857,28,24,4,0.857,13,11,10,14
2019-12-19,1610612759,1610612751,2019,118.0,105.0,223.0,26,10,16,0.385,27,15,12,0.556,7,3,8,7
2019-12-19,1610612746,1610612745,2019,117.0,122.0,239.0,29,21,8,0.7240000000000001,27,18,9,0.667,14,7,10,8
2019-12-18,1610612739,1610612766,2019,100.0,98.0,198.0,27,6,21,0.222,30,13,17,0.433,3,3,7,6
2019-12-18,1610612765,1610612761,2019,99.0,112.0,211.0,27,11,16,0.40700000000000003,26,18,8,0.6920000000000001,7,4,11,7
2019-12-18,1610612764,1610612741,2019,109.0,110.0,219.0,25,8,17,0.32,29,10,19,0.345,4,4,6,4
2019-12-18,1610612755,1610612748,2019,104.0,108.0,212.0,28,20,8,0.7140000000000001,27,19,8,0.7040000000000001,14,6,11,8
2019-12-18,1610612750,1610612740,2019,99.0,107.0,206.0,25,10,15,0.4,28,6,22,0.214,3,7,4,2
2019-12-18,1610612760,1610612763,2019,126.0,122.0,248.0,26,12,14,0.462,27,10,17,0.37,8,4,5,5
2019-12-18,1610612743,1610612753,2019,113.0,104.0,217.0,25,17,8,0.68,27,12,15,0.444,11,6,8,4
2019-12-18,1610612742,1610612738,2019,103.0,109.0,212.0,26,18,8,0.6920000000000001,24,17,7,0.708,8,10,10,7
2019-12-18,1610612757,1610612744,2019,122.0,112.0,234.0,27,11,16,0.40700000000000003,28,5,23,0.179,5,6,2,3
2019-12-17,1610612766,1610612758,2019,110.0,102.0,212.0,29,12,17,0.414,26,12,14,0.462,6,6,6,6
2019-12-17,1610612754,1610612747,2019,105.0,102.0,207.0,27,18,9,0.667,27,24,3,0.889,11,7,10,14
2019-12-17,1610612752,1610612737,2019,143.0,120.0,263.0,27,6,21,0.222,27,6,21,0.222,3,3,3,3
2019-12-17,1610612740,1610612751,2019,101.0,108.0,209.0,27,6,21,0.222,26,14,12,0.5379999999999999,4,2,8,6
2019-12-17,1610612762,1610612753,2019,109.0,102.0,211.0,26,15,11,0.5770000000000001,26,12,14,0.462,10,5,8,4
2019-12-17,1610612746,1610612756,2019,120.0,99.0,219.0,28,20,8,0.7140000000000001,26,11,15,0.423,13,7,6,5
2019-12-16,1610612765,1610612764,2019,119.0,133.0,252.0,26,11,15,0.423,24,7,17,0.292,7,4,4,3
2019-12-16,1610612761,1610612739,2019,133.0,113.0,246.0,25,17,8,0.68,26,6,20,0.231,10,7,3,3
2019-12-16,1610612745,1610612759,2019,109.0,107.0,216.0,26,17,9,0.654,25,10,15,0.4,9,8,7,3
2019-12-16,1610612763,1610612748,2019,118.0,111.0,229.0,26,9,17,0.34600000000000003,26,19,7,0.731,4,5,11,8
2019-12-16,1610612749,1610612742,2019,116.0,120.0,236.0,27,24,3,0.889,25,17,8,0.68,13,11,8,9
2019-12-16,1610612760,1610612741,2019,109.0,106.0,215.0,25,11,14,0.44,28,10,18,0.35700000000000004,7,4,6,4
2019-12-16,1610612756,1610612757,2019,110.0,111.0,221.0,25,11,14,0.44,26,10,16,0.385,6,5,5,5
2019-12-15,1610612740,1610612753,2019,119.0,130.0,249.0,26,6,20,0.231,25,11,14,0.44,4,2,8,3
2019-12-15,1610612754,1610612766,2019,107.0,85.0,192.0,26,17,9,0.654,28,12,16,0.429,10,7,6,6
2019-12-15,1610612737,1610612747,2019,96.0,101.0,197.0,26,6,20,0.231,26,23,3,0.885,3,3,10,13
2019-12-15,1610612751,1610612755,2019,109.0,89.0,198.0,25,13,12,0.52,27,20,7,0.741,7,6,14,6
2019-12-15,1610612743,1610612752,2019,111.0,105.0,216.0,24,16,8,0.667,26,6,20,0.231,10,6,3,3
2019-12-15,1610612744,1610612758,2019,79.0,100.0,179.0,27,5,22,0.185,25,11,14,0.44,2,3,6,5
2019-12-14,1610612756,1610612759,2019,119.0,121.0,240.0,24,11,13,0.45799999999999996,24,9,15,0.375,6,5,7,2
2019-12-14,1610612761,1610612751,2019,110.0,102.0,212.0,24,16,8,0.667,24,13,11,0.542,9,7,7,6
2019-12-14,1610612741,1610612746,2019,109.0,106.0,215.0,27,9,18,0.33299999999999996,27,20,7,0.741,5,4,13,7
2019-12-14,1610612763,1610612764,2019,128.0,111.0,239.0,25,8,17,0.32,23,7,16,0.304,3,5,4,3
2019-12-14,1610612742,1610612748,2019,118.0,122.0,240.0,24,17,7,0.708,25,18,7,0.72,8,9,11,7
2019-12-14,1610612749,1610612739,2019,125.0,108.0,233.0,26,23,3,0.885,25,6,19,0.24,12,11,3,3
2019-12-14,1610612745,1610612765,2019,107.0,115.0,222.0,25,17,8,0.68,25,10,15,0.4,9,8,7,3
2019-12-14,1610612743,1610612760,2019,110.0,102.0,212.0,23,15,8,0.652,24,11,13,0.45799999999999996,9,6,7,4
2019-12-13,1610612753,1610612745,2019,107.0,130.0,237.0,24,11,13,0.45799999999999996,24,16,8,0.667,8,3,9,7
2019-12-13,1610612755,1610612740,2019,116.0,109.0,225.0,26,19,7,0.731,25,6,19,0.24,13,6,4,2
2019-12-13,1610612748,1610612747,2019,110.0,113.0,223.0,24,18,6,0.75,25,22,3,0.88,11,7,10,12
2019-12-13,1610612737,1610612754,2019,100.0,110.0,210.0,25,6,19,0.24,25,16,9,0.64,3,3,10,6
2019-12-13,1610612741,1610612766,2019,73.0,83.0,156.0,26,9,17,0.34600000000000003,27,11,16,0.40700000000000003,5,4,6,5
2019-12-13,1610612763,1610612749,2019,114.0,127.0,241.0,24,8,16,0.33299999999999996,25,22,3,0.88,3,5,12,10
2019-12-13,1610612762,1610612744,2019,114.0,106.0,220.0,25,14,11,0.56,26,5,21,0.192,9,5,2,3
2019-12-13,1610612750,1610612746,2019,117.0,124.0,241.0,24,10,14,0.41700000000000004,26,19,7,0.731,3,7,13,6
2019-12-13,1610612758,1610612752,2019,101.0,103.0,204.0,24,11,13,0.45799999999999996,25,5,20,0.2,6,5,3,2
2019-12-12,1610612738,1610612755,2019,109.0,115.0,224.0,23,17,6,0.7390000000000001,25,18,7,0.72,10,7,13,5
2019-12-12,1610612759,1610612739,2019,109.0,117.0,226.0,23,9,14,0.391,24,5,19,0.20800000000000002,7,2,3,2
2019-12-12,1610612765,1610612742,2019,111.0,122.0,233.0,24,10,14,0.41700000000000004,23,16,7,0.696,7,3,8,8
2019-12-12,1610612743,1610612757,2019,114.0,99.0,213.0,22,14,8,0.636,25,10,15,0.4,8,6,5,5
2019-12-11,1610612739,1610612745,2019,110.0,116.0,226.0,23,5,18,0.217,23,15,8,0.652,3,2,9,6
2019-12-11,1610612754,1610612738,2019,122.0,117.0,239.0,24,15,9,0.625,22,17,5,0.773,9,6,10,7
2019-12-11,1610612753,1610612747,2019,87.0,96.0,183.0,23,11,12,0.478,24,21,3,0.875,8,3,10,11
2019-12-11,1610612761,1610612746,2019,92.0,112.0,204.0,23,16,7,0.696,25,18,7,0.72,9,7,13,5
2019-12-11,1610612751,1610612766,2019,108.0,113.0,221.0,23,13,10,0.565,26,10,16,0.385,7,6,6,4
2019-12-11,1610612741,1610612737,2019,136.0,102.0,238.0,25,8,17,0.32,24,6,18,0.25,4,4,3,3
2019-12-11,1610612750,1610612762,2019,116.0,127.0,243.0,23,10,13,0.435,24,13,11,0.542,3,7,9,4
2019-12-11,1610612756,1610612763,2019,108.0,115.0,223.0,23,11,12,0.478,23,7,16,0.304,6,5,3,4
2019-12-11,1610612749,1610612740,2019,127.0,112.0,239.0,24,21,3,0.875,24,6,18,0.25,11,10,4,2
2019-12-11,1610612758,1610612760,2019,94.0,93.0,187.0,23,10,13,0.435,23,11,12,0.478,5,5,7,4
2019-12-11,1610612744,1610612752,2019,122.0,124.0,246.0,25,5,20,0.2,24,4,20,0.16699999999999998,2,3,3,1
2019-12-10,1610612766,1610612764,2019,114.0,107.0,221.0,25,9,16,0.36,22,7,15,0.318,5,4,4,3
2019-12-10,1610612755,1610612743,2019,97.0,92.0,189.0,24,17,7,0.708,21,14,7,0.667,12,5,8,6
2019-12-10,1610612748,1610612737,2019,135.0,121.0,256.0,23,17,6,0.7390000000000001,23,6,17,0.261,10,7,3,3
2019-12-10,1610612757,1610612752,2019,115.0,87.0,202.0,24,9,15,0.375,23,4,19,0.174,4,5,3,1
2019-12-09,1610612754,1610612746,2019,99.0,110.0,209.0,23,15,8,0.652,24,17,7,0.708,9,6,13,4
2019-12-09,1610612738,1610612739,2019,110.0,88.0,198.0,21,16,5,0.762,22,5,17,0.22699999999999998,9,7,3,2
2019-12-09,1610612741,1610612761,2019,92.0,93.0,185.0,24,8,16,0.33299999999999996,22,15,7,0.682,4,4,9,6
2019-12-09,1610612745,1610612758,2019,118.0,119.0,237.0,22,15,7,0.682,22,9,13,0.409,9,6,5,4
2019-12-09,1610612749,1610612753,2019,110.0,101.0,211.0,23,20,3,0.87,22,11,11,0.5,10,10,8,3
2019-12-09,1610612740,1610612765,2019,103.0,105.0,208.0,23,6,17,0.261,23,9,14,0.391,4,2,7,2
2019-12-09,1610612756,1610612750,2019,125.0,109.0,234.0,22,10,12,0.455,22,10,12,0.455,5,5,3,7
2019-12-09,1610612762,1610612760,2019,90.0,104.0,194.0,23,13,10,0.565,22,10,12,0.455,9,4,7,3
2019-12-09,1610612744,1610612763,2019,102.0,110.0,212.0,24,5,19,0.20800000000000002,22,6,16,0.273,2,3,3,3
2019-12-08,1610612751,1610612743,2019,105.0,102.0,207.0,22,12,10,0.545,20,14,6,0.7,6,6,8,6
2019-12-08,1610612766,1610612737,2019,107.0,122.0,229.0,24,9,15,0.375,22,5,17,0.22699999999999998,5,4,3,2
2019-12-08,1610612748,1610612741,2019,110.0,105.0,215.0,22,16,6,0.727,23,8,15,0.348,9,7,4,4
2019-12-08,1610612755,1610612761,2019,110.0,104.0,214.0,23,16,7,0.696,21,15,6,0.7140000000000001,11,5,9,6
2019-12-08,1610612764,1610612746,2019,119.0,135.0,254.0,21,7,14,0.33299999999999996,23,16,7,0.696,4,3,13,3
2019-12-08,1610612742,1610612758,2019,106.0,110.0,216.0,22,16,6,0.727,21,8,13,0.381,8,8,5,3
2019-12-08,1610612757,1610612760,2019,96.0,108.0,204.0,23,9,14,0.391,21,9,12,0.429,4,5,7,2
2019-12-08,1610612747,1610612750,2019,142.0,125.0,267.0,23,20,3,0.87,21,10,11,0.47600000000000003,9,11,3,7
2019-12-07,1610612742,1610612740,2019,130.0,84.0,214.0,21,15,6,0.7140000000000001,22,6,16,0.273,7,8,4,2
2019-12-07,1610612752,1610612754,2019,103.0,104.0,207.0,22,4,18,0.182,22,14,8,0.636,3,1,9,5
2019-12-07,1610612755,1610612739,2019,141.0,94.0,235.0,22,15,7,0.682,21,5,16,0.23800000000000002,10,5,3,2
2019-12-07,1610612745,1610612756,2019,115.0,109.0,224.0,21,14,7,0.667,21,10,11,0.47600000000000003,8,6,5,5
2019-12-07,1610612762,1610612763,2019,126.0,112.0,238.0,22,12,10,0.545,21,6,15,0.28600000000000003,8,4,3,3
2019-12-06,1610612766,1610612751,2019,104.0,111.0,215.0,23,9,14,0.391,21,11,10,0.524,5,4,6,5
2019-12-06,1610612739,1610612753,2019,87.0,93.0,180.0,20,5,15,0.25,21,10,11,0.47600000000000003,3,2,8,2
2019-12-06,1610612765,1610612754,2019,108.0,101.0,209.0,22,8,14,0.364,21,14,7,0.667,6,2,9,5
2019-12-06,1610612738,1610612743,2019,108.0,95.0,203.0,20,15,5,0.75,19,14,5,0.737,8,7,8,6
2019-12-06,1610612748,1610612764,2019,112.0,103.0,215.0,21,15,6,0.7140000000000001,20,7,13,0.35,8,7,4,3
2019-12-06,1610612741,1610612744,2019,98.0,100.0,198.0,22,8,14,0.364,23,4,19,0.174,4,4,2,2
2019-12-06,1610612760,1610612750,2019,139.0,127.0,266.0,20,8,12,0.4,20,10,10,0.5,6,2,3,7
2019-12-06,1610612749,1610612746,2019,119.0,91.0,210.0,22,19,3,0.8640000000000001,22,16,6,0.727,9,10,13,3
2019-12-06,1610612759,1610612758,2019,105.0,104.0,209.0,22,8,14,0.364,20,8,12,0.4,6,2,5,3
2019-12-06,1610612757,1610612747,2019,113.0,136.0,249.0,22,9,13,0.409,22,19,3,0.8640000000000001,4,5,9,10
2019-12-05,1610612764,1610612755,2019,119.0,113.0,232.0,19,6,13,0.316,21,15,6,0.7140000000000001,3,3,10,5
2019-12-05,1610612752,1610612743,2019,92.0,129.0,221.0,21,4,17,0.19,18,13,5,0.722,3,1,8,5
2019-12-05,1610612761,1610612745,2019,109.0,119.0,228.0,20,15,5,0.75,20,13,7,0.65,9,6,8,5
2019-12-05,1610612740,1610612756,2019,132.0,139.0,271.0,21,6,15,0.28600000000000003,20,9,11,0.45,4,2,5,4
2019-12-04,1610612766,1610612744,2019,106.0,91.0,197.0,22,8,14,0.364,22,4,18,0.182,4,4,2,2
2019-12-04,1610612765,1610612749,2019,103.0,127.0,230.0,21,8,13,0.381,21,18,3,0.857,6,2,9,9
2019-12-04,1610612753,1610612756,2019,128.0,114.0,242.0,20,9,11,0.45,19,9,10,0.474,7,2,5,4
2019-12-04,1610612737,1610612751,2019,118.0,130.0,248.0,21,5,16,0.23800000000000002,20,10,10,0.5,3,2,6,4
2019-12-04,1610612738,1610612748,2019,112.0,93.0,205.0,19,14,5,0.737,20,15,5,0.75,7,7,8,7
2019-12-04,1610612741,1610612763,2019,106.0,99.0,205.0,21,7,14,0.33299999999999996,20,6,14,0.3,3,4,3,3
2019-12-04,1610612760,1610612754,2019,100.0,107.0,207.0,19,8,11,0.42100000000000004,20,13,7,0.65,6,2,9,4
2019-12-04,1610612742,1610612750,2019,121.0,114.0,235.0,20,14,6,0.7,19,10,9,0.526,6,8,3,7
2019-12-04,1610612762,1610612747,2019,96.0,121.0,217.0,21,12,9,0.5710000000000001,21,18,3,0.857,8,4,9,9
2019-12-04,1610612757,1610612758,2019,127.0,116.0,243.0,21,8,13,0.381,19,8,11,0.42100000000000004,3,5,5,3
2019-12-03,1610612739,1610612765,2019,94.0,127.0,221.0,19,5,14,0.263,20,7,13,0.35,3,2,6,1
2019-12-03,1610612764,1610612753,2019,120.0,127.0,247.0,18,6,12,0.33299999999999996,19,8,11,0.42100000000000004,3,3,7,1
2019-12-03,1610612761,1610612748,2019,110.0,121.0,231.0,19,15,4,0.789,19,14,5,0.737,9,6,8,6
2019-12-03,1610612740,1610612742,2019,97.0,118.0,215.0,20,6,14,0.3,19,13,6,0.684,4,2,6,7
2019-12-03,1610612759,1610612745,2019,135.0,133.0,268.0,21,7,14,0.33299999999999996,19,13,6,0.684,5,2,8,5
2019-12-03,1610612743,1610612747,2019,96.0,105.0,201.0,17,13,4,0.765,20,17,3,0.85,8,5,9,8
2019-12-03,1610612746,1610612757,2019,117.0,97.0,214.0,21,15,6,0.7140000000000001,20,8,12,0.4,12,3,3,5
2019-12-02,1610612766,1610612756,2019,104.0,109.0,213.0,21,8,13,0.381,18,8,10,0.444,4,4,5,3
2019-12-02,1610612755,1610612762,2019,103.0,94.0,197.0,20,14,6,0.7,20,12,8,0.6,9,5,8,4
2019-12-02,1610612737,1610612744,2019,104.0,79.0,183.0,20,4,16,0.2,21,4,17,0.19,2,2,2,2
2019-12-02,1610612763,1610612754,2019,104.0,117.0,221.0,19,6,13,0.316,19,12,7,0.632,3,3,9,3
2019-12-02,1610612749,1610612752,2019,132.0,88.0,220.0,20,17,3,0.85,20,4,16,0.2,8,9,3,1
2019-12-02,1610612758,1610612741,2019,106.0,113.0,219.0,18,8,10,0.444,20,6,14,0.3,5,3,3,3
2019-12-01,1610612751,1610612748,2019,106.0,109.0,215.0,19,10,9,0.526,18,13,5,0.722,6,4,8,5
2019-12-01,1610612752,1610612738,2019,104.0,113.0,217.0,19,4,15,0.21100000000000002,18,13,5,0.722,3,1,7,6
2019-12-01,1610612750,1610612763,2019,107.0,115.0,222.0,18,10,8,0.556,18,5,13,0.278,3,7,3,2
2019-12-01,1610612747,1610612742,2019,100.0,114.0,214.0,19,17,2,0.895,18,12,6,0.667,9,8,6,6
2019-12-01,1610612765,1610612759,2019,132.0,98.0,230.0,19,6,13,0.316,20,7,13,0.35,5,1,5,2
2019-12-01,1610612740,1610612760,2019,104.0,107.0,211.0,19,6,13,0.316,18,7,11,0.389,4,2,6,1
2019-12-01,1610612753,1610612744,2019,100.0,96.0,196.0,18,7,11,0.389,20,4,16,0.2,6,1,2,2
2019-12-01,1610612761,1610612762,2019,130.0,110.0,240.0,18,14,4,0.778,19,12,7,0.632,8,6,8,4
2019-12-01,1610612746,1610612764,2019,150.0,125.0,275.0,20,14,6,0.7,17,6,11,0.353,11,3,3,3
2019-11-30,1610612758,1610612743,2019,100.0,97.0,197.0,17,7,10,0.41200000000000003,16,13,3,0.813,4,3,8,5
2019-11-30,1610612755,1610612754,2019,119.0,116.0,235.0,19,13,6,0.684,18,12,6,0.667,8,5,9,3
2019-11-30,1610612745,1610612737,2019,158.0,111.0,269.0,18,12,6,0.667,19,4,15,0.21100000000000002,7,5,2,2
2019-11-30,1610612749,1610612766,2019,137.0,96.0,233.0,19,16,3,0.8420000000000001,20,8,12,0.4,7,9,4,4
2019-11-29,1610612751,1610612738,2019,112.0,107.0,219.0,18,9,9,0.5,17,13,4,0.765,5,4,7,6
2019-11-29,1610612765,1610612766,2019,107.0,110.0,217.0,18,6,12,0.33299999999999996,19,7,12,0.368,5,1,4,3
2019-11-29,1610612753,1610612761,2019,83.0,90.0,173.0,17,7,10,0.41200000000000003,17,13,4,0.765,6,1,8,5
2019-11-29,1610612739,1610612749,2019,110.0,119.0,229.0,18,5,13,0.278,18,15,3,0.833,3,2,7,8
2019-11-29,1610612752,1610612755,2019,95.0,101.0,196.0,18,4,14,0.222,18,12,6,0.667,3,1,8,4
2019-11-29,1610612754,1610612737,2019,105.0,104.0,209.0,17,11,6,0.647,18,4,14,0.222,8,3,2,2
2019-11-29,1610612748,1610612744,2019,122.0,105.0,227.0,17,12,5,0.706,19,4,15,0.21100000000000002,7,5,2,2
2019-11-29,1610612763,1610612762,2019,94.0,103.0,197.0,17,5,12,0.294,18,11,7,0.611,3,2,8,3
2019-11-29,1610612760,1610612740,2019,109.0,104.0,213.0,17,6,11,0.353,18,6,12,0.33299999999999996,5,1,4,2
2019-11-29,1610612759,1610612746,2019,107.0,97.0,204.0,19,6,13,0.316,19,14,5,0.737,4,2,11,3
2019-11-29,1610612756,1610612742,2019,113.0,120.0,233.0,17,8,9,0.47100000000000003,17,11,6,0.647,5,3,6,5
2019-11-29,1610612757,1610612741,2019,107.0,103.0,210.0,19,7,12,0.368,19,6,13,0.316,2,5,3,3
2019-11-29,1610612747,1610612764,2019,125.0,103.0,228.0,18,16,2,0.889,16,6,10,0.375,8,8,3,3
2019-11-27,1610612738,1610612751,2019,121.0,110.0,231.0,16,12,4,0.75,17,9,8,0.529,6,6,5,4
2019-11-27,1610612766,1610612765,2019,102.0,101.0,203.0,18,6,12,0.33299999999999996,17,6,11,0.353,3,3,5,1
2019-11-27,1610612739,1610612753,2019,104.0,116.0,220.0,17,5,12,0.294,16,6,10,0.375,3,2,6,0
2019-11-27,1610612754,1610612762,2019,121.0,102.0,223.0,16,10,6,0.625,17,11,6,0.647,7,3,8,3
2019-11-27,1610612755,1610612758,2019,97.0,91.0,188.0,17,11,6,0.647,16,7,9,0.43799999999999994,7,4,4,3
2019-11-27,1610612761,1610612752,2019,126.0,98.0,224.0,16,12,4,0.75,17,4,13,0.235,7,5,3,1
2019-11-27,1610612745,1610612748,2019,117.0,108.0,225.0,17,11,6,0.647,16,12,4,0.75,6,5,7,5
2019-11-27,1610612763,1610612746,2019,119.0,121.0,240.0,16,5,11,0.313,18,13,5,0.722,3,2,11,2
2019-11-27,1610612749,1610612737,2019,111.0,102.0,213.0,17,14,3,0.8240000000000001,17,4,13,0.235,6,8,2,2
2019-11-27,1610612759,1610612750,2019,101.0,113.0,214.0,18,6,12,0.33299999999999996,17,9,8,0.529,4,2,3,6
2019-11-27,1610612756,1610612764,2019,132.0,140.0,272.0,16,8,8,0.5,15,5,10,0.33299999999999996,5,3,3,2
2019-11-27,1610612740,1610612747,2019,110.0,114.0,224.0,17,6,11,0.353,17,15,2,0.882,4,2,8,7
2019-11-27,1610612757,1610612760,2019,136.0,119.0,255.0,18,6,12,0.33299999999999996,16,6,10,0.375,1,5,5,1
2019-11-27,1610612744,1610612741,2019,104.0,90.0,194.0,18,3,15,0.16699999999999998,18,6,12,0.33299999999999996,1,2,3,3
2019-11-26,1610612742,1610612746,2019,99.0,114.0,213.0,16,11,5,0.688,17,12,5,0.706,6,5,11,1
2019-11-26,1610612743,1610612764,2019,117.0,104.0,221.0,15,12,3,0.8,14,5,9,0.35700000000000004,7,5,3,2
2019-11-25,1610612739,1610612751,2019,106.0,108.0,214.0,16,5,11,0.313,16,8,8,0.5,3,2,5,3
2019-11-25,1610612765,1610612753,2019,103.0,88.0,191.0,16,5,11,0.313,15,6,9,0.4,4,1,6,0
2019-11-25,1610612754,1610612763,2019,126.0,114.0,240.0,15,9,6,0.6,15,5,10,0.33299999999999996,6,3,3,2
2019-11-25,1610612737,1610612750,2019,113.0,125.0,238.0,16,4,12,0.25,16,8,8,0.5,2,2,3,5
2019-11-25,1610612738,1610612758,2019,103.0,102.0,205.0,15,11,4,0.733,15,7,8,0.467,5,6,4,3
2019-11-25,1610612748,1610612766,2019,117.0,100.0,217.0,15,11,4,0.733,17,6,11,0.353,6,5,3,3
2019-11-25,1610612761,1610612755,2019,101.0,96.0,197.0,15,11,4,0.733,16,11,5,0.688,6,5,7,4
2019-11-25,1610612741,1610612757,2019,94.0,117.0,211.0,17,6,11,0.353,17,5,12,0.294,3,3,1,4
2019-11-25,1610612749,1610612762,2019,122.0,118.0,240.0,16,13,3,0.813,16,11,5,0.688,5,8,8,3
2019-11-25,1610612759,1610612747,2019,104.0,114.0,218.0,17,6,11,0.353,16,14,2,0.875,4,2,8,6
2019-11-25,1610612744,1610612760,2019,97.0,100.0,197.0,17,3,14,0.17600000000000002,15,5,10,0.33299999999999996,1,2,5,0
2019-11-24,1610612745,1610612742,2019,123.0,137.0,260.0,16,11,5,0.688,15,10,5,0.667,6,5,6,4
2019-11-24,1610612752,1610612751,2019,101.0,103.0,204.0,16,4,12,0.25,15,7,8,0.467,3,1,5,2
2019-11-24,1610612764,1610612758,2019,106.0,113.0,219.0,13,5,8,0.385,14,6,8,0.429,3,2,4,2
2019-11-24,1610612743,1610612756,2019,116.0,104.0,220.0,14,11,3,0.7859999999999999,15,8,7,0.5329999999999999,6,5,5,3
2019-11-24,1610612746,1610612740,2019,134.0,109.0,243.0,16,11,5,0.688,16,6,10,0.375,10,1,4,2
2019-11-23,1610612750,1610612756,2019,98.0,100.0,198.0,15,8,7,0.5329999999999999,14,7,7,0.5,3,5,5,2
2019-11-23,1610612766,1610612741,2019,115.0,116.0,231.0,16,6,10,0.375,16,5,11,0.313,3,3,3,2
2019-11-23,1610612754,1610612753,2019,111.0,106.0,217.0,14,8,6,0.5710000000000001,14,6,8,0.429,5,3,6,0
2019-11-23,1610612737,1610612761,2019,116.0,119.0,235.0,15,4,11,0.267,14,10,4,0.7140000000000001,2,2,6,4
2019-11-23,1610612752,1610612759,2019,104.0,111.0,215.0,15,4,11,0.267,16,5,11,0.313,3,1,4,1
2019-11-23,1610612755,1610612748,2019,113.0,86.0,199.0,15,10,5,0.667,14,11,3,0.7859999999999999,6,4,6,5
2019-11-23,1610612739,1610612757,2019,110.0,104.0,214.0,15,4,11,0.267,16,5,11,0.313,2,2,1,4
2019-11-23,1610612763,1610612747,2019,108.0,109.0,217.0,14,5,9,0.35700000000000004,15,13,2,0.867,3,2,8,5
2019-11-23,1610612749,1610612765,2019,104.0,90.0,194.0,15,12,3,0.8,15,5,10,0.33299999999999996,4,8,4,1
2019-11-23,1610612762,1610612740,2019,128.0,120.0,248.0,15,10,5,0.667,15,6,9,0.4,7,3,4,2
2019-11-22,1610612765,1610612737,2019,128.0,103.0,231.0,14,4,10,0.28600000000000003,14,4,10,0.28600000000000003,3,1,2,2
2019-11-22,1610612764,1610612766,2019,125.0,118.0,243.0,12,4,8,0.33299999999999996,15,6,9,0.4,2,2,3,3
2019-11-22,1610612751,1610612758,2019,116.0,97.0,213.0,14,6,8,0.429,13,6,7,0.462,4,2,4,2
2019-11-22,1610612755,1610612759,2019,115.0,104.0,219.0,14,9,5,0.643,15,5,10,0.33299999999999996,5,4,4,1
2019-11-22,1610612741,1610612748,2019,108.0,116.0,224.0,15,5,10,0.33299999999999996,13,10,3,0.769,3,2,6,4
2019-11-22,1610612760,1610612747,2019,127.0,130.0,257.0,14,5,9,0.35700000000000004,14,12,2,0.857,5,0,8,4
2019-11-22,1610612742,1610612739,2019,143.0,101.0,244.0,14,9,5,0.643,14,4,10,0.28600000000000003,5,4,2,2
2019-11-22,1610612743,1610612738,2019,96.0,92.0,188.0,13,10,3,0.769,14,11,3,0.7859999999999999,5,5,5,6
2019-11-22,1610612762,1610612744,2019,113.0,109.0,222.0,14,9,5,0.643,16,3,13,0.188,6,3,1,2
2019-11-22,1610612746,1610612745,2019,122.0,119.0,241.0,15,10,5,0.667,15,11,4,0.733,9,1,6,5
2019-11-21,1610612749,1610612757,2019,137.0,129.0,266.0,14,11,3,0.7859999999999999,15,5,10,0.33299999999999996,3,8,1,4
2019-11-21,1610612756,1610612740,2019,121.0,124.0,245.0,13,7,6,0.5379999999999999,14,5,9,0.35700000000000004,5,2,4,1
2019-11-20,1610612755,1610612752,2019,109.0,104.0,213.0,13,8,5,0.615,14,4,10,0.28600000000000003,4,4,3,1
2019-11-20,1610612764,1610612759,2019,138.0,132.0,270.0,11,3,8,0.273,14,5,9,0.35700000000000004,1,2,4,1
2019-11-20,1610612737,1610612749,2019,127.0,135.0,262.0,13,4,9,0.308,13,10,3,0.769,2,2,3,7
2019-11-20,1610612751,1610612766,2019,101.0,91.0,192.0,13,5,8,0.385,14,6,8,0.429,3,2,3,3
2019-11-20,1610612748,1610612739,2019,124.0,100.0,224.0,12,9,3,0.75,13,4,9,0.308,5,4,2,2
2019-11-20,1610612761,1610612753,2019,113.0,97.0,210.0,13,9,4,0.6920000000000001,13,6,7,0.462,5,4,6,0
2019-11-20,1610612742,1610612744,2019,142.0,94.0,236.0,13,8,5,0.615,15,3,12,0.2,4,4,1,2
2019-11-20,1610612741,1610612765,2019,109.0,89.0,198.0,14,4,10,0.28600000000000003,13,4,9,0.308,2,2,3,1
2019-11-20,1610612750,1610612762,2019,95.0,103.0,198.0,14,8,6,0.5710000000000001,13,8,5,0.615,3,5,6,2
2019-11-20,1610612743,1610612745,2019,105.0,95.0,200.0,12,9,3,0.75,14,11,3,0.7859999999999999,4,5,6,5
2019-11-20,1610612746,1610612738,2019,107.0,104.0,211.0,14,9,5,0.643,13,11,2,0.846,8,1,5,6
2019-11-19,1610612763,1610612744,2019,95.0,114.0,209.0,13,5,8,0.385,14,2,12,0.14300000000000002,3,2,1,1
2019-11-19,1610612740,1610612757,2019,115.0,104.0,219.0,13,4,9,0.308,14,5,9,0.35700000000000004,3,1,1,4
2019-11-19,1610612758,1610612756,2019,120.0,116.0,236.0,12,5,7,0.41700000000000004,12,7,5,0.583,3,2,5,2
2019-11-19,1610612747,1610612760,2019,112.0,107.0,219.0,13,11,2,0.846,13,5,8,0.385,7,4,5,0
2019-11-18,1610612752,1610612739,2019,123.0,105.0,228.0,13,3,10,0.231,12,4,8,0.33299999999999996,2,1,2,2
2019-11-18,1610612751,1610612754,2019,86.0,115.0,201.0,12,5,7,0.41700000000000004,13,7,6,0.5379999999999999,3,2,5,2
2019-11-18,1610612761,1610612766,2019,132.0,96.0,228.0,12,8,4,0.667,13,6,7,0.462,4,4,3,3
2019-11-18,1610612741,1610612749,2019,101.0,115.0,216.0,13,4,9,0.308,12,9,3,0.75,2,2,3,6
2019-11-18,1610612745,1610612757,2019,132.0,108.0,240.0,13,10,3,0.769,13,5,8,0.385,5,5,1,4
2019-11-18,1610612742,1610612759,2019,117.0,110.0,227.0,12,7,5,0.583,13,5,8,0.385,3,4,4,1
2019-11-18,1610612756,1610612738,2019,85.0,99.0,184.0,11,7,4,0.636,12,10,2,0.833,5,2,5,5
2019-11-18,1610612762,1610612750,2019,102.0,112.0,214.0,12,8,4,0.667,13,7,6,0.5379999999999999,6,2,3,4
2019-11-18,1610612746,1610612760,2019,90.0,88.0,178.0,13,8,5,0.615,12,5,7,0.41700000000000004,7,1,5,0
2019-11-17,1610612739,1610612755,2019,95.0,114.0,209.0,11,4,7,0.364,12,7,5,0.583,2,2,4,3
2019-11-17,1610612758,1610612738,2019,100.0,99.0,199.0,11,4,7,0.364,11,10,1,0.909,2,2,5,5
2019-11-17,1610612753,1610612764,2019,125.0,121.0,246.0,12,5,7,0.41700000000000004,10,3,7,0.3,5,0,1,2
2019-11-17,1610612763,1610612743,2019,114.0,131.0,245.0,12,5,7,0.41700000000000004,11,8,3,0.727,3,2,4,4
2019-11-17,1610612740,1610612744,2019,108.0,100.0,208.0,12,3,9,0.25,13,2,11,0.154,2,1,1,1
2019-11-17,1610612747,1610612737,2019,122.0,101.0,223.0,12,10,2,0.833,12,4,8,0.33299999999999996,6,4,2,2
2019-11-16,1610612741,1610612751,2019,111.0,117.0,228.0,12,4,8,0.33299999999999996,11,4,7,0.364,2,2,3,1
2019-11-16,1610612754,1610612749,2019,83.0,102.0,185.0,12,7,5,0.583,11,8,3,0.727,5,2,3,5
2019-11-16,1610612752,1610612766,2019,102.0,103.0,205.0,12,3,9,0.25,12,5,7,0.41700000000000004,2,1,3,2
2019-11-16,1610612748,1610612740,2019,109.0,94.0,203.0,11,8,3,0.727,11,3,8,0.273,4,4,2,1
2019-11-16,1610612750,1610612745,2019,105.0,125.0,230.0,12,7,5,0.583,12,9,3,0.75,3,4,5,4
2019-11-16,1610612742,1610612761,2019,110.0,102.0,212.0,11,6,5,0.545,11,8,3,0.727,2,4,4,4
2019-11-16,1610612759,1610612757,2019,116.0,121.0,237.0,12,5,7,0.41700000000000004,12,4,8,0.33299999999999996,4,1,1,3
2019-11-16,1610612746,1610612737,2019,150.0,101.0,251.0,12,7,5,0.583,11,4,7,0.364,6,1,2,2
2019-11-15,1610612766,1610612765,2019,109.0,106.0,215.0,11,4,7,0.364,12,4,8,0.33299999999999996,2,2,3,1
2019-11-15,1610612753,1610612759,2019,111.0,109.0,220.0,11,4,7,0.364,11,5,6,0.455,4,0,4,1
2019-11-15,1610612745,1610612754,2019,111.0,102.0,213.0,11,8,3,0.727,11,7,4,0.636,4,4,5,2
2019-11-15,1610612763,1610612762,2019,107.0,106.0,213.0,11,4,7,0.364,11,8,3,0.727,2,2,6,2
2019-11-15,1610612750,1610612764,2019,116.0,137.0,253.0,11,7,4,0.636,9,2,7,0.222,3,4,1,1
2019-11-15,1610612760,1610612755,2019,127.0,119.0,246.0,11,4,7,0.364,11,7,4,0.636,4,0,4,3
2019-11-15,1610612744,1610612738,2019,100.0,105.0,205.0,12,2,10,0.16699999999999998,10,9,1,0.9,1,1,5,4
2019-11-15,1610612747,1610612758,2019,99.0,97.0,196.0,11,9,2,0.818,10,4,6,0.4,5,4,2,2
2019-11-14,1610612739,1610612748,2019,97.0,108.0,205.0,10,4,6,0.4,10,7,3,0.7,2,2,4,3
2019-11-14,1610612752,1610612742,2019,106.0,103.0,209.0,11,2,9,0.182,10,6,4,0.6,1,1,2,4
2019-11-14,1610612749,1610612741,2019,124.0,115.0,239.0,10,7,3,0.7,11,4,7,0.364,2,5,2,2
2019-11-14,1610612740,1610612746,2019,132.0,127.0,259.0,10,2,8,0.2,11,7,4,0.636,1,1,6,1
2019-11-14,1610612756,1610612737,2019,128.0,112.0,240.0,10,6,4,0.6,10,4,6,0.4,4,2,2,2
2019-11-14,1610612743,1610612751,2019,101.0,93.0,194.0,10,7,3,0.7,10,4,6,0.4,3,4,3,1
2019-11-13,1610612766,1610612763,2019,117.0,119.0,236.0,10,4,6,0.4,10,3,7,0.3,2,2,2,1
2019-11-13,1610612753,1610612755,2019,112.0,97.0,209.0,10,3,7,0.3,10,7,3,0.7,3,0,4,3
2019-11-13,1610612738,1610612764,2019,140.0,133.0,273.0,9,8,1,0.889,8,2,6,0.25,4,4,1,1
2019-11-13,1610612745,1610612746,2019,102.0,93.0,195.0,10,7,3,0.7,10,7,3,0.7,3,4,6,1
2019-11-13,1610612750,1610612759,2019,129.0,114.0,243.0,10,6,4,0.6,10,5,5,0.5,2,4,4,1
2019-11-13,1610612747,1610612744,2019,120.0,94.0,214.0,10,8,2,0.8,11,2,9,0.182,4,4,1,1
2019-11-13,1610612757,1610612761,2019,106.0,114.0,220.0,11,4,7,0.364,10,7,3,0.7,1,3,4,3
2019-11-12,1610612754,1610612760,2019,111.0,85.0,196.0,10,6,4,0.6,10,4,6,0.4,4,2,4,0
2019-11-12,1610612755,1610612739,2019,98.0,97.0,195.0,9,6,3,0.667,9,4,5,0.444,3,3,2,2
2019-11-12,1610612748,1610612765,2019,117.0,108.0,225.0,9,6,3,0.667,11,4,7,0.364,3,3,3,1
2019-11-12,1610612741,1610612752,2019,120.0,102.0,222.0,10,3,7,0.3,10,2,8,0.2,1,2,1,1
2019-11-12,1610612743,1610612737,2019,121.0,125.0,246.0,9,7,2,0.778,9,3,6,0.33299999999999996,3,4,2,1
2019-11-12,1610612756,1610612747,2019,115.0,123.0,238.0,9,6,3,0.667,9,7,2,0.778,4,2,4,3
2019-11-12,1610612762,1610612751,2019,119.0,114.0,233.0,10,7,3,0.7,9,4,5,0.444,5,2,3,1
2019-11-12,1610612758,1610612757,2019,107.0,99.0,206.0,9,3,6,0.33299999999999996,10,4,6,0.4,1,2,1,3
2019-11-11,1610612765,1610612750,2019,114.0,120.0,234.0,10,4,6,0.4,9,5,4,0.556,3,1,2,3
2019-11-11,1610612738,1610612742,2019,116.0,106.0,222.0,8,7,1,0.875,9,6,3,0.667,3,4,2,4
2019-11-11,1610612759,1610612763,2019,109.0,113.0,222.0,9,5,4,0.556,9,2,7,0.222,4,1,2,0
2019-11-11,1610612740,1610612745,2019,116.0,122.0,238.0,9,2,7,0.222,9,6,3,0.667,1,1,3,3
2019-11-11,1610612744,1610612762,2019,108.0,122.0,230.0,10,2,8,0.2,9,6,3,0.667,1,1,5,1
2019-11-11,1610612746,1610612761,2019,98.0,88.0,186.0,9,6,3,0.667,9,7,2,0.778,5,1,4,3
2019-11-10,1610612750,1610612743,2019,98.0,100.0,198.0,8,5,3,0.625,8,6,2,0.75,2,3,3,3
2019-11-10,1610612753,1610612754,2019,102.0,109.0,211.0,9,3,6,0.33299999999999996,9,5,4,0.556,3,0,4,1
2019-11-10,1610612755,1610612766,2019,114.0,106.0,220.0,8,5,3,0.625,9,4,5,0.444,2,3,2,2
2019-11-10,1610612760,1610612749,2019,119.0,121.0,240.0,9,4,5,0.444,9,6,3,0.667,4,0,2,4
2019-11-10,1610612752,1610612739,2019,87.0,108.0,195.0,9,2,7,0.222,8,3,5,0.375,1,1,2,1
2019-11-10,1610612756,1610612751,2019,138.0,112.0,250.0,8,5,3,0.625,8,4,4,0.5,3,2,3,1
2019-11-10,1610612757,1610612737,2019,124.0,113.0,237.0,9,3,6,0.33299999999999996,8,3,5,0.375,0,3,2,1
2019-11-10,1610612747,1610612761,2019,104.0,113.0,217.0,8,7,1,0.875,8,6,2,0.75,4,3,4,2
2019-11-09,1610612759,1610612738,2019,115.0,135.0,250.0,8,5,3,0.625,7,6,1,0.857,4,1,3,3
2019-11-09,1610612766,1610612740,2019,110.0,115.0,225.0,8,4,4,0.5,8,1,7,0.125,2,2,1,0
2019-11-09,1610612741,1610612745,2019,94.0,117.0,211.0,9,3,6,0.33299999999999996,8,5,3,0.625,1,2,3,2
2019-11-09,1610612763,1610612742,2019,122.0,138.0,260.0,8,2,6,0.25,8,5,3,0.625,2,0,2,3
2019-11-09,1610612760,1610612744,2019,114.0,108.0,222.0,8,3,5,0.375,9,2,7,0.222,3,0,1,1
2019-11-08,1610612754,1610612765,2019,112.0,106.0,218.0,8,4,4,0.5,9,4,5,0.444,3,1,3,1
2019-11-08,1610612753,1610612763,2019,118.0,86.0,204.0,8,2,6,0.25,7,2,5,0.28600000000000003,2,0,2,0
2019-11-08,1610612764,1610612739,2019,100.0,113.0,213.0,7,2,5,0.28600000000000003,7,2,5,0.28600000000000003,1,1,2,0
2019-11-08,1610612737,1610612758,2019,109.0,121.0,230.0,7,3,4,0.429,8,2,6,0.25,2,1,1,1
2019-11-08,1610612750,1610612744,2019,125.0,119.0,244.0,7,4,3,0.5710000000000001,8,2,6,0.25,1,3,1,1
2019-11-08,1610612740,1610612761,2019,104.0,122.0,226.0,7,1,6,0.14300000000000002,7,5,2,0.7140000000000001,1,0,4,1
2019-11-08,1610612742,1610612752,2019,102.0,106.0,208.0,7,5,2,0.7140000000000001,8,1,7,0.125,2,3,1,0
2019-11-08,1610612743,1610612755,2019,100.0,97.0,197.0,7,5,2,0.7140000000000001,7,5,2,0.7140000000000001,2,3,2,3
2019-11-08,1610612762,1610612749,2019,103.0,100.0,203.0,8,5,3,0.625,8,6,2,0.75,4,1,2,4
2019-11-08,1610612757,1610612751,2019,115.0,119.0,234.0,8,3,5,0.375,7,3,4,0.429,0,3,3,0
2019-11-08,1610612747,1610612748,2019,95.0,80.0,175.0,7,6,1,0.857,8,6,2,0.75,3,3,3,3
2019-11-07,1610612766,1610612738,2019,87.0,108.0,195.0,7,4,3,0.5710000000000001,6,5,1,0.833,2,2,3,2
2019-11-07,1610612759,1610612760,2019,121.0,112.0,233.0,7,4,3,0.5710000000000001,7,3,4,0.429,3,1,3,0
2019-11-07,1610612756,1610612748,2019,108.0,124.0,232.0,7,5,2,0.7140000000000001,7,5,2,0.7140000000000001,3,2,3,2
2019-11-07,1610612746,1610612757,2019,107.0,101.0,208.0,8,5,3,0.625,7,3,4,0.429,4,1,0,3
2019-11-06,1610612765,1610612752,2019,122.0,102.0,224.0,8,3,5,0.375,7,1,6,0.14300000000000002,2,1,1,0
2019-11-06,1610612754,1610612764,2019,121.0,106.0,227.0,7,3,4,0.429,6,2,4,0.33299999999999996,2,1,1,1
2019-11-06,1610612737,1610612741,2019,93.0,113.0,206.0,6,3,3,0.5,8,2,6,0.25,2,1,1,1
2019-11-06,1610612761,1610612758,2019,124.0,120.0,244.0,6,4,2,0.667,7,2,5,0.28600000000000003,3,1,1,1
2019-11-06,1610612745,1610612744,2019,129.0,112.0,241.0,7,4,3,0.5710000000000001,7,2,5,0.28600000000000003,2,2,1,1
2019-11-06,1610612763,1610612750,2019,137.0,121.0,258.0,6,1,5,0.16699999999999998,6,4,2,0.667,1,0,1,3
2019-11-06,1610612742,1610612753,2019,107.0,106.0,213.0,6,4,2,0.667,7,2,5,0.28600000000000003,1,3,2,0
2019-11-06,1610612762,1610612755,2019,106.0,104.0,210.0,7,4,3,0.5710000000000001,6,5,1,0.833,3,1,2,3
2019-11-06,1610612746,1610612749,2019,124.0,129.0,253.0,7,5,2,0.7140000000000001,7,5,2,0.7140000000000001,4,1,2,3
2019-11-05,1610612766,1610612754,2019,122.0,120.0,242.0,6,3,3,0.5,6,3,3,0.5,1,2,2,1
2019-11-05,1610612739,1610612738,2019,113.0,119.0,232.0,6,2,4,0.33299999999999996,5,4,1,0.8,2,0,3,1
2019-11-05,1610612737,1610612759,2019,108.0,100.0,208.0,5,2,3,0.4,6,4,2,0.667,1,1,3,1
2019-11-05,1610612741,1610612747,2019,112.0,118.0,230.0,7,2,5,0.28600000000000003,6,5,1,0.833,1,1,3,2
2019-11-05,1610612760,1610612753,2019,102.0,94.0,196.0,6,2,4,0.33299999999999996,6,2,4,0.33299999999999996,2,0,2,0
2019-11-05,1610612743,1610612748,2019,109.0,89.0,198.0,6,4,2,0.667,6,5,1,0.833,1,3,3,2
2019-11-04,1610612764,1610612765,2019,115.0,99.0,214.0,5,1,4,0.2,7,3,4,0.429,0,1,2,1
2019-11-04,1610612751,1610612740,2019,135.0,125.0,260.0,6,2,4,0.33299999999999996,6,1,5,0.16699999999999998,2,0,1,0
2019-11-04,1610612763,1610612745,2019,100.0,107.0,207.0,5,1,4,0.2,6,3,3,0.5,1,0,2,1
2019-11-04,1610612750,1610612749,2019,106.0,134.0,240.0,5,4,1,0.8,6,4,2,0.667,1,3,2,2
2019-11-04,1610612756,1610612755,2019,114.0,109.0,223.0,6,4,2,0.667,5,5,0,1.0,2,2,2,3
2019-11-04,1610612744,1610612757,2019,127.0,118.0,245.0,6,1,5,0.16699999999999998,6,3,3,0.5,0,1,0,3
2019-11-03,1610612754,1610612741,2019,108.0,95.0,203.0,5,2,3,0.4,6,2,4,0.33299999999999996,1,1,1,1
2019-11-03,1610612748,1610612745,2019,129.0,100.0,229.0,5,4,1,0.8,5,3,2,0.6,2,2,2,1
2019-11-03,1610612752,1610612758,2019,92.0,113.0,205.0,6,1,5,0.16699999999999998,6,1,5,0.16699999999999998,1,0,1,0
2019-11-03,1610612759,1610612747,2019,96.0,103.0,199.0,5,4,1,0.8,5,4,1,0.8,3,1,3,1
2019-11-03,1610612739,1610612742,2019,111.0,131.0,242.0,5,2,3,0.4,5,3,2,0.6,2,0,1,2
2019-11-03,1610612746,1610612762,2019,105.0,94.0,199.0,6,4,2,0.667,6,4,2,0.667,3,1,3,1
2019-11-02,1610612760,1610612740,2019,115.0,104.0,219.0,5,1,4,0.2,5,1,4,0.2,1,0,1,0
2019-11-02,1610612765,1610612751,2019,113.0,109.0,222.0,6,2,4,0.33299999999999996,5,2,3,0.4,1,1,2,0
2019-11-02,1610612753,1610612743,2019,87.0,91.0,178.0,5,2,3,0.4,5,3,2,0.6,2,0,1,2
2019-11-02,1610612764,1610612750,2019,109.0,131.0,240.0,4,1,3,0.25,4,3,1,0.75,0,1,1,2
2019-11-02,1610612763,1610612756,2019,105.0,114.0,219.0,4,1,3,0.25,5,3,2,0.6,1,0,2,1
2019-11-02,1610612749,1610612761,2019,115.0,105.0,220.0,5,3,2,0.6,5,4,1,0.8,1,2,3,1
2019-11-02,1610612744,1610612766,2019,87.0,93.0,180.0,5,1,4,0.2,5,2,3,0.4,0,1,1,1
2019-11-02,1610612757,1610612755,2019,128.0,129.0,257.0,5,3,2,0.6,4,4,0,1.0,0,3,2,2
2019-11-01,1610612751,1610612745,2019,123.0,116.0,239.0,4,1,3,0.25,4,3,1,0.75,1,0,2,1
2019-11-01,1610612754,1610612739,2019,102.0,95.0,197.0,4,1,3,0.25,4,2,2,0.5,0,1,2,0
2019-11-01,1610612753,1610612749,2019,91.0,123.0,214.0,4,2,2,0.5,4,2,2,0.5,2,0,1,1
2019-11-01,1610612738,1610612752,2019,104.0,102.0,206.0,4,3,1,0.75,5,1,4,0.2,2,1,1,0
2019-11-01,1610612741,1610612765,2019,112.0,106.0,218.0,5,1,4,0.2,5,2,3,0.4,0,1,1,1
2019-11-01,1610612742,1610612747,2019,110.0,119.0,229.0,4,3,1,0.75,4,3,1,0.75,1,2,3,0
2019-11-01,1610612758,1610612762,2019,102.0,101.0,203.0,5,0,5,0.0,5,4,1,0.8,0,0,3,1
2019-11-01,1610612744,1610612759,2019,110.0,127.0,237.0,4,1,3,0.25,4,3,1,0.75,0,1,3,0
2019-10-31,1610612737,1610612748,2019,97.0,106.0,203.0,4,2,2,0.5,4,3,1,0.75,1,1,2,1
2019-10-31,1610612740,1610612743,2019,122.0,107.0,229.0,4,0,4,0.0,4,3,1,0.75,0,0,1,2
2019-10-31,1610612746,1610612759,2019,103.0,97.0,200.0,5,3,2,0.6,3,3,0,1.0,2,1,3,0
2019-10-30,1610612739,1610612741,2019,117.0,111.0,228.0,3,1,2,0.33299999999999996,4,1,3,0.25,1,0,0,1
2019-10-30,1610612753,1610612752,2019,95.0,83.0,178.0,3,1,2,0.33299999999999996,4,1,3,0.25,1,0,1,0
2019-10-30,1610612755,1610612750,2019,117.0,95.0,212.0,3,3,0,1.0,3,3,0,1.0,1,2,1,2
2019-10-30,1610612738,1610612749,2019,116.0,105.0,221.0,3,2,1,0.667,3,2,1,0.667,1,1,1,1
2019-10-30,1610612751,1610612754,2019,108.0,118.0,226.0,3,1,2,0.33299999999999996,3,0,3,0.0,1,0,0,0
2019-10-30,1610612761,1610612765,2019,125.0,113.0,238.0,4,3,1,0.75,4,2,2,0.5,2,1,1,1
2019-10-30,1610612764,1610612745,2019,158.0,159.0,317.0,3,1,2,0.33299999999999996,3,2,1,0.667,0,1,2,0
2019-10-30,1610612760,1610612757,2019,99.0,102.0,201.0,4,1,3,0.25,4,2,2,0.5,1,0,0,2
2019-10-30,1610612762,1610612746,2019,110.0,96.0,206.0,4,3,1,0.75,4,3,1,0.75,2,1,2,1
2019-10-30,1610612758,1610612766,2019,111.0,118.0,229.0,4,0,4,0.0,4,1,3,0.25,0,0,1,0
2019-10-30,1610612744,1610612756,2019,110.0,121.0,231.0,3,1,2,0.33299999999999996,4,2,2,0.5,0,1,2,0
2019-10-29,1610612748,1610612737,2019,112.0,97.0,209.0,3,2,1,0.667,3,2,1,0.667,1,1,1,1
2019-10-29,1610612743,1610612742,2019,106.0,109.0,215.0,3,3,0,1.0,3,2,1,0.667,1,2,1,1
2019-10-29,1610612747,1610612763,2019,120.0,91.0,211.0,3,2,1,0.667,3,1,2,0.33299999999999996,2,0,1,0
2019-10-28,1610612765,1610612754,2019,96.0,94.0,190.0,3,1,2,0.33299999999999996,2,0,2,0.0,0,1,0,0
2019-10-28,1610612752,1610612741,2019,105.0,98.0,203.0,3,0,3,0.0,3,1,2,0.33299999999999996,0,0,0,1
2019-10-28,1610612737,1610612755,2019,103.0,105.0,208.0,2,2,0,1.0,2,2,0,1.0,1,1,1,1
2019-10-28,1610612761,1610612753,2019,104.0,95.0,199.0,3,2,1,0.667,2,1,1,0.5,1,1,1,0
2019-10-28,1610612745,1610612760,2019,116.0,112.0,228.0,2,1,1,0.5,3,1,2,0.33299999999999996,1,0,1,0
2019-10-28,1610612749,1610612739,2019,129.0,112.0,241.0,2,1,1,0.5,2,1,1,0.5,0,1,1,0
2019-10-28,1610612740,1610612744,2019,123.0,134.0,257.0,3,0,3,0.0,2,0,2,0.0,0,0,0,0
2019-10-28,1610612759,1610612757,2019,113.0,110.0,223.0,2,2,0,1.0,3,2,1,0.667,2,0,0,2
2019-10-28,1610612756,1610612762,2019,95.0,96.0,191.0,3,2,1,0.667,3,2,1,0.667,2,0,2,0
2019-10-28,1610612758,1610612743,2019,94.0,101.0,195.0,3,0,3,0.0,2,2,0,1.0,0,0,1,1
2019-10-28,1610612746,1610612766,2019,111.0,96.0,207.0,3,2,1,0.667,3,1,2,0.33299999999999996,1,1,1,0
2019-10-27,1610612760,1610612744,2019,120.0,92.0,212.0,2,0,2,0.0,1,0,1,0.0,0,0,0,0
2019-10-27,1610612763,1610612751,2019,134.0,133.0,267.0,2,0,2,0.0,2,1,1,0.5,0,0,1,0
2019-10-27,1610612742,1610612757,2019,119.0,121.0,240.0,2,2,0,1.0,2,1,1,0.5,1,1,0,1
2019-10-27,1610612750,1610612748,2019,116.0,109.0,225.0,2,2,0,1.0,2,2,0,1.0,0,2,1,1
2019-10-27,1610612747,1610612766,2019,120.0,101.0,221.0,2,1,1,0.5,2,1,1,0.5,1,0,1,0
2019-10-26,1610612749,1610612748,2019,126.0,131.0,257.0,1,1,0,1.0,1,1,0,1.0,0,1,1,0
2019-10-26,1610612765,1610612755,2019,111.0,117.0,228.0,2,1,1,0.5,1,1,0,1.0,0,1,1,0
2019-10-26,1610612737,1610612753,2019,103.0,99.0,202.0,1,1,0,1.0,1,1,0,1.0,0,1,1,0
2019-10-26,1610612752,1610612738,2019,95.0,118.0,213.0,2,0,2,0.0,2,1,1,0.5,0,0,1,0
2019-10-26,1610612739,1610612754,2019,110.0,99.0,209.0,1,0,1,0.0,1,0,1,0.0,0,0,0,0
2019-10-26,1610612741,1610612761,2019,84.0,108.0,192.0,2,1,1,0.5,2,1,1,0.5,0,1,1,0
2019-10-26,1610612745,1610612740,2019,126.0,123.0,249.0,1,0,1,0.0,2,0,2,0.0,0,0,0,0
2019-10-26,1610612759,1610612764,2019,124.0,122.0,246.0,1,1,0,1.0,2,1,1,0.5,1,0,0,1
2019-10-26,1610612762,1610612758,2019,113.0,81.0,194.0,2,1,1,0.5,2,0,2,0.0,1,0,0,0
2019-10-26,1610612756,1610612746,2019,130.0,122.0,252.0,2,1,1,0.5,2,2,0,1.0,1,0,1,1
2019-10-25,1610612738,1610612761,2019,112.0,106.0,218.0,1,0,1,0.0,1,1,0,1.0,0,0,1,0
2019-10-25,1610612766,1610612750,2019,99.0,121.0,220.0,1,1,0,1.0,1,1,0,1.0,1,0,0,1
2019-10-25,1610612751,1610612752,2019,113.0,109.0,222.0,1,0,1,0.0,1,0,1,0.0,0,0,0,0
2019-10-25,1610612763,1610612741,2019,102.0,110.0,212.0,1,0,1,0.0,1,0,1,0.0,0,0,0,0
2019-10-25,1610612740,1610612742,2019,116.0,123.0,239.0,1,0,1,0.0,1,1,0,1.0,0,0,1,0
2019-10-25,1610612760,1610612764,2019,85.0,97.0,182.0,1,0,1,0.0,1,0,1,0.0,0,0,0,0
2019-10-25,1610612743,1610612756,2019,108.0,107.0,215.0,1,1,0,1.0,1,1,0,1.0,0,1,1,0
2019-10-25,1610612758,1610612757,2019,112.0,122.0,234.0,1,0,1,0.0,1,0,1,0.0,0,0,0,0
2019-10-25,1610612747,1610612762,2019,95.0,86.0,181.0,1,0,1,0.0,1,1,0,1.0,0,0,1,0
2019-10-24,1610612765,1610612737,2019,100.0,117.0,217.0,1,1,0,1.0,0,0,0,0.0,0,1,0,0
2019-10-24,1610612745,1610612749,2019,111.0,117.0,228.0,0,0,0,0.0,0,0,0,0.0,0,0,0,0
2019-10-24,1610612744,1610612746,2019,122.0,141.0,263.0,0,0,0,0.0,1,1,0,1.0,0,0,1,0
2019-10-23,1610612766,1610612741,2019,126.0,125.0,251.0,0,0,0,0.0,0,0,0,0.0,0,0,0,0
2019-10-23,1610612754,1610612765,2019,110.0,119.0,229.0,0,0,0,0.0,0,0,0,0.0,0,0,0,0
2019-10-23,1610612753,1610612739,2019,94.0,85.0,179.0,0,0,0,0.0,0,0,0,0.0,0,0,0,0
2019-10-23,1610612751,1610612750,2019,126.0,127.0,253.0,0,0,0,0.0,0,0,0,0.0,0,0,0,0
2019-10-23,1610612748,1610612763,2019,120.0,101.0,221.0,0,0,0,0.0,0,0,0,0.0,0,0,0,0
2019-10-23,1610612755,1610612738,2019,107.0,93.0,200.0,0,0,0,0.0,0,0,0,0.0,0,0,0,0
2019-10-23,1610612742,1610612764,2019,108.0,100.0,208.0,0,0,0,0.0,0,0,0,0.0,0,0,0,0
2019-10-23,1610612759,1610612752,2019,120.0,111.0,231.0,0,0,0,0.0,0,0,0,0.0,0,0,0,0
2019-10-23,1610612762,1610612760,2019,100.0,95.0,195.0,0,0,0,0.0,0,0,0,0.0,0,0,0,0
2019-10-23,1610612756,1610612758,2019,124.0,95.0,219.0,0,0,0,0.0,0,0,0,0.0,0,0,0,0
2019-10-23,1610612757,1610612743,2019,100.0,108.0,208.0,0,0,0,0.0,0,0,0,0.0,0,0,0,0
2019-10-22,1610612761,1610612740,2019,130.0,122.0,252.0,0,0,0,0.0,0,0,0,0.0,0,0,0,0
2019-10-22,1610612746,1610612747,2019,112.0,102.0,214.0,0,0,0,0.0,0,0,0,0.0,0,0,0,0
2019-10-18,1610612755,1610612764,2019,93.0,112.0,205.0,0,0,0,0.0,0,0,0,0.0,0,0,0,0
2019-10-18,1610612751,1610612761,2019,107.0,123.0,230.0,0,0,0,0.0,0,0,0,0.0,0,0,0,0
2019-10-18,1610612748,1610612745,2019,133.0,144.0,277.0,0,0,0,0.0,0,0,0,0.0,0,0,0,0
2019-10-18,1610612752,1610612740,2019,116.0,117.0,233.0,0,0,0,0.0,0,0,0,0.0,0,0,0,0
2019-10-18,1610612759,1610612763,2019,104.0,91.0,195.0,0,0,0,0.0,0,0,0,0.0,0,0,0,0
2019-10-18,1610612744,1610612747,2019,124.0,103.0,227.0,0,0,0,0.0,0,0,0,0.0,0,0,0,0
2019-10-17,1610612753,1610612748,2019,98.0,107.0,205.0,0,0,0,0.0,0,0,0,0.0,0,0,0,0
2019-10-17,1610612741,1610612737,2019,111.0,93.0,204.0,0,0,0,0.0,0,0,0,0.0,0,0,0,0
2019-10-17,1610612749,1610612750,2019,118.0,96.0,214.0,0,0,0,0.0,0,0,0,0.0,0,0,0,0
2019-10-17,1610612743,1610612757,2019,110.0,104.0,214.0,0,0,0,0.0,0,0,0,0.0,0,0,0,0
2019-10-17,1610612746,1610612742,2019,87.0,102.0,189.0,0,0,0,0.0,0,0,0,0.0,0,0,0,0
2019-10-16,1610612766,1610612765,2019,110.0,116.0,226.0,0,0,0,0.0,0,0,0,0.0,0,0,0,0
2019-10-16,1610612752,1610612737,2019,96.0,100.0,196.0,0,0,0,0.0,0,0,0,0.0,0,0,0,0
2019-10-16,1610612745,1610612759,2019,114.0,128.0,242.0,0,0,0,0.0,0,0,0,0.0,0,0,0,0
2019-10-16,1610612760,1610612763,2019,119.0,124.0,243.0,0,0,0,0.0,0,0,0,0.0,0,0,0,0
2019-10-16,1610612762,1610612757,2019,118.0,126.0,244.0,0,0,0,0.0,0,0,0,0.0,0,0,0,0
2019-10-16,1610612747,1610612744,2019,126.0,93.0,219.0,0,0,0,0.0,0,0,0,0.0,0,0,0,0
2019-10-15,1610612739,1610612738,2019,95.0,118.0,213.0,0,0,0,0.0,0,0,0,0.0,0,0,0,0
2019-10-15,1610612754,1610612750,2019,111.0,119.0,230.0,0,0,0,0.0,0,0,0,0.0,0,0,0,0
2019-10-15,1610612755,1610612765,2019,106.0,86.0,192.0,0,0,0,0.0,0,0,0,0.0,0,0,0,0
2019-10-14,1610612748,1610612737,2019,120.0,87.0,207.0,0,0,0,0.0,0,0,0,0.0,0,0,0,0
2019-10-14,1610612763,1610612766,2019,99.0,120.0,219.0,0,0,0,0.0,0,0,0,0.0,0,0,0,0
2019-10-14,1610612742,1610612760,2019,107.0,70.0,177.0,0,0,0,0.0,0,0,0,0.0,0,0,0,0
2019-10-14,1610612762,1610612758,2019,115.0,128.0,243.0,0,0,0,0.0,0,0,0,0.0,0,0,0,0
2019-10-14,1610612756,1610612743,2019,102.0,107.0,209.0,0,0,0,0.0,0,0,0,0.0,0,0,0,0
2019-10-14,1610612747,1610612744,2019,104.0,98.0,202.0,0,0,0,0.0,0,0,0,0.0,0,0,0,0
2019-10-13,1610612738,1610612739,2019,118.0,72.0,190.0,0,0,0,0.0,0,0,0,0.0,0,0,0,0
2019-10-13,1610612759,1610612740,2019,114.0,123.0,237.0,0,0,0,0.0,0,0,0,0.0,0,0,0,0
2019-10-13,1610612753,1610612755,2019,94.0,126.0,220.0,0,0,0,0.0,0,0,0,0.0,0,0,0,0
2019-10-13,1610612761,1610612741,2019,91.0,105.0,196.0,0,0,0,0.0,0,0,0,0.0,0,0,0,0
2019-10-13,1610612764,1610612749,2019,108.0,115.0,223.0,0,0,0,0.0,0,0,0,0.0,0,0,0,0
2019-10-12,1610612751,1610612747,2019,91.0,77.0,168.0,0,0,0,0.0,0,0,0,0.0,0,0,0,0
2019-10-12,1610612757,1610612756,2019,118.0,134.0,252.0,0,0,0,0.0,0,0,0,0.0,0,0,0,0
2019-10-11,1610612765,1610612739,2019,109.0,105.0,214.0,0,0,0,0.0,0,0,0,0.0,0,0,0,0
2019-10-11,1610612754,1610612741,2019,105.0,87.0,192.0,0,0,0,0.0,0,0,0,0.0,0,0,0,0
2019-10-11,1610612753,1610612738,2019,75.0,100.0,175.0,0,0,0,0.0,0,0,0,0.0,0,0,0,0
2019-10-11,1610612766,1610612755,2019,87.0,100.0,187.0,0,0,0,0.0,0,0,0,0.0,0,0,0,0
2019-10-11,1610612752,1610612764,2019,99.0,115.0,214.0,0,0,0,0.0,0,0,0,0.0,0,0,0,0
2019-10-11,1610612740,1610612762,2019,128.0,127.0,255.0,0,0,0,0.0,0,0,0,0.0,0,0,0,0
2019-10-11,1610612742,1610612749,2019,111.0,118.0,229.0,0,0,0,0.0,0,0,0,0.0,0,0,0,0
2019-10-10,1610612745,1610612761,2019,118.0,111.0,229.0,0,0,0,0.0,0,0,0,0.0,0,0,0,0
2019-10-10,1610612747,1610612751,2019,111.0,114.0,225.0,0,0,0,0.0,0,0,0,0.0,0,0,0,0
2019-10-10,1610612758,1610612756,2019,105.0,88.0,193.0,0,0,0,0.0,0,0,0,0.0,0,0,0,0
2019-10-10,1610612744,1610612750,2019,143.0,123.0,266.0,0,0,0,0.0,0,0,0,0.0,0,0,0,0
2019-10-10,1610612746,1610612743,2019,91.0,111.0,202.0,0,0,0,0.0,0,0,0,0.0,0,0,0,0
2019-10-09,1610612765,1610612742,2019,124.0,117.0,241.0,0,0,0,0.0,0,0,0,0.0,0,0,0,0
2019-10-09,1610612737,1610612753,2019,88.0,97.0,185.0,0,0,0,0.0,0,0,0,0.0,0,0,0,0
2019-10-09,1610612766,1610612748,2019,94.0,108.0,202.0,0,0,0,0.0,0,0,0,0.0,0,0,0,0
2019-10-09,1610612741,1610612740,2019,125.0,127.0,252.0,0,0,0,0.0,0,0,0,0.0,0,0,0,0
2019-10-09,1610612749,1610612762,2019,133.0,99.0,232.0,0,0,0,0.0,0,0,0,0.0,0,0,0,0
2019-10-08,1610612761,1610612745,2019,134.0,129.0,263.0,0,0,0,0.0,0,0,0,0.0,0,0,0,0
2019-10-08,1610612748,1610612759,2019,107.0,89.0,196.0,0,0,0,0.0,0,0,0,0.0,0,0,0,0
2019-10-08,1610612760,1610612742,2019,119.0,104.0,223.0,0,0,0,0.0,0,0,0,0.0,0,0,0,0
2019-10-08,1610612756,1610612750,2019,111.0,106.0,217.0,0,0,0,0.0,0,0,0,0.0,0,0,0,0
2019-10-08,1610612757,1610612743,2019,94.0,105.0,199.0,0,0,0,0.0,0,0,0,0.0,0,0,0,0
2019-10-07,1610612765,1610612753,2019,91.0,115.0,206.0,0,0,0,0.0,0,0,0,0.0,0,0,0,0
2019-10-07,1610612764,1610612752,2019,99.0,104.0,203.0,0,0,0,0.0,0,0,0,0.0,0,0,0,0
2019-10-07,1610612737,1610612740,2019,109.0,133.0,242.0,0,0,0,0.0,0,0,0,0.0,0,0,0,0
2019-10-07,1610612741,1610612749,2019,112.0,122.0,234.0,0,0,0,0.0,0,0,0,0.0,0,0,0,0
2019-10-06,1610612738,1610612766,2019,107.0,106.0,213.0,0,0,0,0.0,0,0,0,0.0,0,0,0,0
2019-10-05,1610612754,1610612758,2019,130.0,106.0,236.0,0,0,0,0.0,0,0,0,0.0,0,0,0,0
2019-10-05,1610612744,1610612747,2019,101.0,123.0,224.0,0,0,0,0.0,0,0,0,0.0,0,0,0,0
2019-10-05,1610612759,1610612753,2019,89.0,125.0,214.0,0,0,0,0.0,0,0,0,0.0,0,0,0,0
2019-10-04,1610612746,1610612745,2019,96.0,109.0,205.0,0,0,0,0.0,0,0,0,0.0,0,0,0,0
2019-10-04,1610612758,1610612754,2019,131.0,132.0,263.0,0,0,0,0.0,0,0,0,0.0,0,0,0,0
2019-06-13,1610612744,1610612761,2018,110.0,114.0,224.0,82,57,25,0.695,82,58,24,0.7070000000000001,30,27,32,26
2019-06-10,1610612761,1610612744,2018,105.0,106.0,211.0,82,58,24,0.7070000000000001,82,57,25,0.695,32,26,30,27
2019-06-07,1610612744,1610612761,2018,92.0,105.0,197.0,82,57,25,0.695,82,58,24,0.7070000000000001,30,27,32,26
2019-06-05,1610612744,1610612761,2018,109.0,123.0,232.0,82,57,25,0.695,82,58,24,0.7070000000000001,30,27,32,26
2019-06-02,1610612761,1610612744,2018,104.0,109.0,213.0,82,58,24,0.7070000000000001,82,57,25,0.695,32,26,30,27
2019-05-30,1610612761,1610612744,2018,118.0,109.0,227.0,82,58,24,0.7070000000000001,82,57,25,0.695,32,26,30,27
2019-05-25,1610612761,1610612749,2018,100.0,94.0,194.0,82,58,24,0.7070000000000001,82,60,22,0.732,32,26,33,27
2019-05-23,1610612749,1610612761,2018,99.0,105.0,204.0,82,60,22,0.732,82,58,24,0.7070000000000001,33,27,32,26
2019-05-21,1610612761,1610612749,2018,120.0,102.0,222.0,82,58,24,0.7070000000000001,82,60,22,0.732,32,26,33,27
2019-05-20,1610612757,1610612744,2018,117.0,119.0,236.0,82,53,29,0.6459999999999999,82,57,25,0.695,32,21,30,27
2019-05-19,1610612761,1610612749,2018,118.0,112.0,230.0,82,58,24,0.7070000000000001,82,60,22,0.732,32,26,33,27
2019-05-18,1610612757,1610612744,2018,99.0,110.0,209.0,82,53,29,0.6459999999999999,82,57,25,0.695,32,21,30,27
2019-05-17,1610612749,1610612761,2018,125.0,103.0,228.0,82,60,22,0.732,82,58,24,0.7070000000000001,33,27,32,26
2019-05-16,1610612744,1610612757,2018,114.0,111.0,225.0,82,57,25,0.695,82,53,29,0.6459999999999999,30,27,32,21
2019-05-15,1610612749,1610612761,2018,108.0,100.0,208.0,82,60,22,0.732,82,58,24,0.7070000000000001,33,27,32,26
2019-05-14,1610612744,1610612757,2018,116.0,94.0,210.0,82,57,25,0.695,82,53,29,0.6459999999999999,30,27,32,21
2019-05-12,1610612743,1610612757,2018,96.0,100.0,196.0,82,54,28,0.659,82,53,29,0.6459999999999999,34,20,32,21
2019-05-12,1610612761,1610612755,2018,92.0,90.0,182.0,82,58,24,0.7070000000000001,82,51,31,0.622,32,26,31,20
2019-05-10,1610612745,1610612744,2018,113.0,118.0,231.0,82,53,29,0.6459999999999999,82,57,25,0.695,31,22,30,27
2019-05-09,1610612755,1610612761,2018,112.0,101.0,213.0,82,51,31,0.622,82,58,24,0.7070000000000001,31,20,32,26
2019-05-09,1610612757,1610612743,2018,119.0,108.0,227.0,82,53,29,0.6459999999999999,82,54,28,0.659,32,21,34,20
2019-05-08,1610612749,1610612738,2018,116.0,91.0,207.0,82,60,22,0.732,82,49,33,0.598,33,27,28,21
2019-05-08,1610612744,1610612745,2018,104.0,99.0,203.0,82,57,25,0.695,82,53,29,0.6459999999999999,30,27,31,22
2019-05-07,1610612761,1610612755,2018,125.0,89.0,214.0,82,58,24,0.7070000000000001,82,51,31,0.622,32,26,31,20
2019-05-07,1610612743,1610612757,2018,124.0,98.0,222.0,82,54,28,0.659,82,53,29,0.6459999999999999,34,20,32,21
2019-05-06,1610612738,1610612749,2018,101.0,113.0,214.0,82,49,33,0.598,82,60,22,0.732,28,21,33,27
2019-05-06,1610612745,1610612744,2018,112.0,108.0,220.0,82,53,29,0.6459999999999999,82,57,25,0.695,31,22,30,27
2019-05-05,1610612755,1610612761,2018,96.0,101.0,197.0,82,51,31,0.622,82,58,24,0.7070000000000001,31,20,32,26
2019-05-05,1610612757,1610612743,2018,112.0,116.0,228.0,82,53,29,0.6459999999999999,82,54,28,0.659,32,21,34,20
2019-05-04,1610612745,1610612744,2018,126.0,121.0,247.0,82,53,29,0.6459999999999999,82,57,25,0.695,31,22,30,27
2019-05-03,1610612738,1610612749,2018,116.0,123.0,239.0,82,49,33,0.598,82,60,22,0.732,28,21,33,27
2019-05-03,1610612757,1610612743,2018,140.0,137.0,277.0,82,53,29,0.6459999999999999,82,54,28,0.659,32,21,34,20
2019-05-02,1610612755,1610612761,2018,116.0,95.0,211.0,82,51,31,0.622,82,58,24,0.7070000000000001,31,20,32,26
2019-05-01,1610612743,1610612757,2018,90.0,97.0,187.0,82,54,28,0.659,82,53,29,0.6459999999999999,34,20,32,21
2019-04-30,1610612749,1610612738,2018,123.0,102.0,225.0,82,60,22,0.732,82,49,33,0.598,33,27,28,21
2019-04-30,1610612744,1610612745,2018,115.0,109.0,224.0,82,57,25,0.695,82,53,29,0.6459999999999999,30,27,31,22
2019-04-29,1610612761,1610612755,2018,89.0,94.0,183.0,82,58,24,0.7070000000000001,82,51,31,0.622,32,26,31,20
2019-04-29,1610612743,1610612757,2018,121.0,113.0,234.0,82,54,28,0.659,82,53,29,0.6459999999999999,34,20,32,21
2019-04-28,1610612749,1610612738,2018,90.0,112.0,202.0,82,60,22,0.732,82,49,33,0.598,33,27,28,21
2019-04-28,1610612744,1610612745,2018,104.0,100.0,204.0,82,57,25,0.695,82,53,29,0.6459999999999999,30,27,31,22
2019-04-27,1610612761,1610612755,2018,108.0,95.0,203.0,82,58,24,0.7070000000000001,82,51,31,0.622,32,26,31,20
2019-04-27,1610612743,1610612759,2018,90.0,86.0,176.0,82,54,28,0.659,82,48,34,0.585,34,20,32,16
2019-04-26,1610612746,1610612744,2018,110.0,129.0,239.0,82,48,34,0.585,82,57,25,0.695,26,22,30,27
2019-04-25,1610612759,1610612743,2018,120.0,103.0,223.0,82,48,34,0.585,82,54,28,0.659,32,16,34,20
2019-04-24,1610612745,1610612762,2018,100.0,93.0,193.0,82,53,29,0.6459999999999999,82,50,32,0.61,31,22,29,21
2019-04-24,1610612744,1610612746,2018,121.0,129.0,250.0,82,57,25,0.695,82,48,34,0.585,30,27,26,22
2019-04-23,1610612761,1610612753,2018,115.0,96.0,211.0,82,58,24,0.7070000000000001,82,42,40,0.512,32,26,25,17
2019-04-23,1610612755,1610612751,2018,122.0,100.0,222.0,82,51,31,0.622,82,42,40,0.512,31,20,23,19
2019-04-23,1610612743,1610612759,2018,108.0,90.0,198.0,82,54,28,0.659,82,48,34,0.585,34,20,32,16
2019-04-23,1610612757,1610612760,2018,118.0,115.0,233.0,82,53,29,0.6459999999999999,82,49,33,0.598,32,21,27,22
2019-04-22,1610612765,1610612749,2018,104.0,127.0,231.0,82,41,41,0.5,82,60,22,0.732,26,15,33,27
2019-04-22,1610612762,1610612745,2018,107.0,91.0,198.0,82,50,32,0.61,82,53,29,0.6459999999999999,29,21,31,22
2019-04-21,1610612754,1610612738,2018,106.0,110.0,216.0,82,48,34,0.585,82,49,33,0.598,29,19,28,21
2019-04-21,1610612746,1610612744,2018,105.0,113.0,218.0,82,48,34,0.585,82,57,25,0.695,26,22,30,27
2019-04-21,1610612753,1610612761,2018,85.0,107.0,192.0,82,42,40,0.512,82,58,24,0.7070000000000001,25,17,32,26
2019-04-21,1610612760,1610612757,2018,98.0,111.0,209.0,82,49,33,0.598,82,53,29,0.6459999999999999,27,22,32,21
2019-04-20,1610612751,1610612755,2018,108.0,112.0,220.0,82,42,40,0.512,82,51,31,0.622,23,19,31,20
2019-04-20,1610612759,1610612743,2018,103.0,117.0,220.0,82,48,34,0.585,82,54,28,0.659,32,16,34,20
2019-04-20,1610612765,1610612749,2018,103.0,119.0,222.0,82,41,41,0.5,82,60,22,0.732,26,15,33,27
2019-04-20,1610612762,1610612745,2018,101.0,104.0,205.0,82,50,32,0.61,82,53,29,0.6459999999999999,29,21,31,22
2019-04-19,1610612753,1610612761,2018,93.0,98.0,191.0,82,42,40,0.512,82,58,24,0.7070000000000001,25,17,32,26
2019-04-19,1610612754,1610612738,2018,96.0,104.0,200.0,82,48,34,0.585,82,49,33,0.598,29,19,28,21
2019-04-19,1610612760,1610612757,2018,120.0,108.0,228.0,82,49,33,0.598,82,53,29,0.6459999999999999,27,22,32,21
2019-04-18,1610612751,1610612755,2018,115.0,131.0,246.0,82,42,40,0.512,82,51,31,0.622,23,19,31,20
2019-04-18,1610612759,1610612743,2018,118.0,108.0,226.0,82,48,34,0.585,82,54,28,0.659,32,16,34,20
2019-04-18,1610612746,1610612744,2018,105.0,132.0,237.0,82,48,34,0.585,82,57,25,0.695,26,22,30,27
2019-04-17,1610612738,1610612754,2018,99.0,91.0,190.0,82,49,33,0.598,82,48,34,0.585,28,21,29,19
2019-04-17,1610612749,1610612765,2018,120.0,99.0,219.0,82,60,22,0.732,82,41,41,0.5,33,27,26,15
2019-04-17,1610612745,1610612762,2018,118.0,98.0,216.0,82,53,29,0.6459999999999999,82,50,32,0.61,31,22,29,21
2019-04-16,1610612761,1610612753,2018,111.0,82.0,193.0,82,58,24,0.7070000000000001,82,42,40,0.512,32,26,25,17
2019-04-16,1610612743,1610612759,2018,114.0,105.0,219.0,82,54,28,0.659,82,48,34,0.585,34,20,32,16
2019-04-16,1610612757,1610612760,2018,114.0,94.0,208.0,82,53,29,0.6459999999999999,82,49,33,0.598,32,21,27,22
2019-04-15,1610612755,1610612751,2018,145.0,123.0,268.0,82,51,31,0.622,82,42,40,0.512,31,20,23,19
2019-04-15,1610612744,1610612746,2018,131.0,135.0,266.0,82,57,25,0.695,82,48,34,0.585,30,27,26,22
2019-04-14,1610612738,1610612754,2018,84.0,74.0,158.0,82,49,33,0.598,82,48,34,0.585,28,21,29,19
2019-04-14,1610612757,1610612760,2018,104.0,99.0,203.0,82,53,29,0.6459999999999999,82,49,33,0.598,32,21,27,22
2019-04-14,1610612749,1610612765,2018,121.0,86.0,207.0,82,60,22,0.732,82,41,41,0.5,33,27,26,15
2019-04-14,1610612745,1610612762,2018,122.0,90.0,212.0,82,53,29,0.6459999999999999,82,50,32,0.61,31,22,29,21
2019-04-13,1610612755,1610612751,2018,102.0,111.0,213.0,82,51,31,0.622,82,42,40,0.512,31,20,23,19
2019-04-13,1610612761,1610612753,2018,101.0,104.0,205.0,82,58,24,0.7070000000000001,82,42,40,0.512,32,26,25,17
2019-04-13,1610612744,1610612746,2018,121.0,104.0,225.0,82,57,25,0.695,82,48,34,0.585,30,27,26,22
2019-04-13,1610612743,1610612759,2018,96.0,101.0,197.0,82,54,28,0.659,82,48,34,0.585,34,20,32,16
2019-04-10,1610612737,1610612754,2018,134.0,135.0,269.0,81,29,52,0.358,81,47,34,0.58,17,12,29,18
2019-04-10,1610612751,1610612748,2018,113.0,94.0,207.0,81,41,40,0.506,81,39,42,0.48100000000000004,22,19,19,20
2019-04-10,1610612766,1610612753,2018,114.0,122.0,236.0,81,39,42,0.48100000000000004,81,41,40,0.506,25,14,25,16
2019-04-10,1610612752,1610612765,2018,89.0,115.0,204.0,81,17,64,0.21,81,40,41,0.494,9,8,26,14
2019-04-10,1610612755,1610612741,2018,125.0,109.0,234.0,81,50,31,0.617,81,22,59,0.272,30,20,9,13
2019-04-10,1610612763,1610612744,2018,132.0,117.0,249.0,81,32,49,0.395,81,57,24,0.7040000000000001,20,12,30,27
2019-04-10,1610612749,1610612760,2018,116.0,127.0,243.0,81,60,21,0.741,81,48,33,0.593,33,27,27,21
2019-04-10,1610612759,1610612742,2018,105.0,94.0,199.0,81,47,34,0.58,81,33,48,0.40700000000000003,31,16,24,9
2019-04-10,1610612743,1610612750,2018,99.0,95.0,194.0,81,53,28,0.654,81,36,45,0.444,33,20,25,11
2019-04-10,1610612746,1610612762,2018,143.0,137.0,280.0,81,47,34,0.58,81,50,31,0.617,25,22,29,21
2019-04-10,1610612757,1610612758,2018,136.0,131.0,267.0,81,52,29,0.642,81,39,42,0.48100000000000004,31,21,24,15
2019-04-09,1610612739,1610612766,2018,97.0,124.0,221.0,81,19,62,0.235,80,38,42,0.475,13,6,25,13
2019-04-09,1610612765,1610612763,2018,100.0,93.0,193.0,80,39,41,0.488,80,32,48,0.4,25,14,20,12
2019-04-09,1610612764,1610612738,2018,110.0,116.0,226.0,81,32,49,0.395,81,48,33,0.593,22,10,28,20
2019-04-09,1610612748,1610612755,2018,122.0,99.0,221.0,80,38,42,0.475,80,50,30,0.625,18,20,30,20
2019-04-09,1610612741,1610612752,2018,86.0,96.0,182.0,80,22,58,0.275,80,16,64,0.2,9,13,9,7
2019-04-09,1610612750,1610612761,2018,100.0,120.0,220.0,80,36,44,0.45,81,57,24,0.7040000000000001,25,11,32,25
2019-04-09,1610612740,1610612744,2018,103.0,112.0,215.0,81,33,48,0.40700000000000003,80,56,24,0.7,19,14,30,26
2019-04-09,1610612742,1610612756,2018,120.0,109.0,229.0,80,32,48,0.4,81,19,62,0.235,23,9,12,7
2019-04-09,1610612762,1610612743,2018,118.0,108.0,226.0,80,49,31,0.613,80,53,27,0.6629999999999999,28,21,33,20
2019-04-09,1610612760,1610612745,2018,112.0,111.0,223.0,80,47,33,0.588,81,53,28,0.654,26,21,31,22
2019-04-09,1610612747,1610612757,2018,101.0,104.0,205.0,81,37,44,0.457,80,51,29,0.638,22,15,31,20
2019-04-07,1610612761,1610612748,2018,117.0,109.0,226.0,80,56,24,0.7,79,38,41,0.48100000000000004,31,25,18,20
2019-04-07,1610612739,1610612759,2018,90.0,112.0,202.0,80,19,61,0.23800000000000002,80,46,34,0.575,13,6,31,15
2019-04-07,1610612750,1610612760,2018,126.0,132.0,258.0,79,36,43,0.456,79,46,33,0.5820000000000001,25,11,26,20
2019-04-07,1610612765,1610612766,2018,91.0,104.0,195.0,79,39,40,0.494,79,37,42,0.46799999999999997,25,14,25,12
2019-04-07,1610612754,1610612751,2018,96.0,108.0,204.0,80,47,33,0.588,80,40,40,0.5,29,18,22,18
2019-04-07,1610612763,1610612742,2018,127.0,129.0,256.0,79,32,47,0.405,79,31,48,0.392,20,12,23,8
2019-04-07,1610612745,1610612756,2018,149.0,113.0,262.0,80,52,28,0.65,80,19,61,0.23800000000000002,30,22,12,7
2019-04-07,1610612749,1610612737,2018,115.0,107.0,222.0,80,59,21,0.738,80,29,51,0.363,32,27,17,12
2019-04-07,1610612738,1610612753,2018,108.0,116.0,224.0,80,48,32,0.6,80,40,40,0.5,28,20,25,15
2019-04-07,1610612752,1610612764,2018,113.0,110.0,223.0,79,15,64,0.19,80,32,48,0.4,8,7,22,10
2019-04-07,1610612744,1610612746,2018,131.0,104.0,235.0,79,55,24,0.696,80,47,33,0.588,29,26,25,22
2019-04-07,1610612757,1610612743,2018,115.0,108.0,223.0,79,50,29,0.633,79,53,26,0.6709999999999999,30,20,33,20
2019-04-07,1610612758,1610612740,2018,129.0,133.0,262.0,80,39,41,0.488,80,32,48,0.4,24,15,19,13
2019-04-07,1610612747,1610612762,2018,113.0,109.0,222.0,80,36,44,0.45,79,49,30,0.62,21,15,28,21
2019-04-06,1610612749,1610612751,2018,128.0,133.0,261.0,79,59,20,0.747,79,39,40,0.494,32,27,22,17
2019-04-06,1610612741,1610612755,2018,96.0,116.0,212.0,79,22,57,0.278,79,49,30,0.62,9,13,30,19
2019-04-05,1610612766,1610612761,2018,113.0,111.0,224.0,78,36,42,0.462,79,56,23,0.7090000000000001,24,12,31,25
2019-04-05,1610612753,1610612737,2018,149.0,113.0,262.0,79,39,40,0.494,79,29,50,0.3670000000000001,24,15,17,12
2019-04-05,1610612764,1610612759,2018,112.0,129.0,241.0,79,32,47,0.405,79,45,34,0.57,22,10,31,14
2019-04-05,1610612754,1610612738,2018,97.0,117.0,214.0,79,47,32,0.595,79,47,32,0.595,29,18,28,19
2019-04-05,1610612745,1610612752,2018,120.0,96.0,216.0,79,51,28,0.6459999999999999,78,15,63,0.192,29,22,8,7
2019-04-05,1610612750,1610612748,2018,111.0,109.0,220.0,78,35,43,0.449,78,38,40,0.48700000000000004,24,11,18,20
2019-04-05,1610612760,1610612765,2018,123.0,110.0,233.0,78,45,33,0.5770000000000001,78,39,39,0.5,25,20,25,14
2019-04-05,1610612742,1610612763,2018,112.0,122.0,234.0,78,31,47,0.397,78,31,47,0.397,23,8,20,11
2019-04-05,1610612762,1610612758,2018,119.0,98.0,217.0,78,48,30,0.615,79,39,40,0.494,27,21,24,15
2019-04-05,1610612756,1610612740,2018,133.0,126.0,259.0,79,18,61,0.228,79,32,47,0.405,11,7,19,13
2019-04-05,1610612743,1610612757,2018,119.0,110.0,229.0,78,52,26,0.667,78,50,28,0.6409999999999999,32,20,30,20
2019-04-05,1610612744,1610612739,2018,120.0,114.0,234.0,78,54,24,0.6920000000000001,79,19,60,0.24100000000000002,28,26,13,6
2019-04-05,1610612746,1610612747,2018,117.0,122.0,239.0,79,47,32,0.595,79,35,44,0.44299999999999995,25,22,21,14
2019-04-04,1610612755,1610612749,2018,122.0,128.0,250.0,78,49,29,0.628,78,58,20,0.7440000000000001,30,19,32,26
2019-04-04,1610612758,1610612739,2018,117.0,104.0,221.0,78,38,40,0.48700000000000004,78,19,59,0.244,23,15,13,6
2019-04-04,1610612747,1610612744,2018,90.0,108.0,198.0,78,35,43,0.449,77,53,24,0.688,21,14,28,25
2019-04-03,1610612765,1610612754,2018,89.0,108.0,197.0,77,39,38,0.506,78,46,32,0.59,25,14,29,17
2019-04-03,1610612753,1610612752,2018,114.0,100.0,214.0,78,38,40,0.48700000000000004,77,15,62,0.195,23,15,8,7
2019-04-03,1610612764,1610612741,2018,114.0,115.0,229.0,78,32,46,0.41,78,21,57,0.26899999999999996,22,10,9,12
2019-04-03,1610612737,1610612755,2018,130.0,122.0,252.0,78,28,50,0.359,77,49,28,0.636,16,12,30,19
2019-04-03,1610612751,1610612761,2018,105.0,115.0,220.0,78,39,39,0.5,78,55,23,0.705,22,17,31,24
2019-04-03,1610612748,1610612738,2018,102.0,112.0,214.0,77,38,39,0.494,78,46,32,0.59,18,20,28,18
2019-04-03,1610612740,1610612766,2018,109.0,115.0,224.0,78,32,46,0.41,77,35,42,0.455,19,13,24,11
2019-04-03,1610612742,1610612750,2018,108.0,110.0,218.0,77,31,46,0.40299999999999997,77,34,43,0.442,23,8,24,10
2019-04-03,1610612743,1610612759,2018,113.0,85.0,198.0,77,51,26,0.662,78,45,33,0.5770000000000001,31,20,31,14
2019-04-03,1610612756,1610612762,2018,97.0,118.0,215.0,78,18,60,0.231,77,47,30,0.61,11,7,27,20
2019-04-03,1610612757,1610612763,2018,116.0,89.0,205.0,77,49,28,0.636,77,31,46,0.40299999999999997,29,20,20,11
2019-04-03,1610612746,1610612745,2018,103.0,135.0,238.0,78,47,31,0.603,78,50,28,0.6409999999999999,25,22,29,21
2019-04-02,1610612760,1610612747,2018,119.0,103.0,222.0,77,44,33,0.5710000000000001,77,35,42,0.455,24,20,21,14
2019-04-02,1610612759,1610612737,2018,117.0,111.0,228.0,77,44,33,0.5710000000000001,77,28,49,0.364,30,14,16,12
2019-04-02,1610612758,1610612745,2018,105.0,130.0,235.0,77,38,39,0.494,77,49,28,0.636,23,15,29,20
2019-04-02,1610612744,1610612743,2018,116.0,102.0,218.0,76,52,24,0.684,76,51,25,0.6709999999999999,27,25,31,20
2019-04-01,1610612754,1610612765,2018,111.0,102.0,213.0,77,45,32,0.584,76,39,37,0.513,28,17,25,14
2019-04-01,1610612738,1610612748,2018,110.0,105.0,215.0,77,45,32,0.584,76,38,38,0.5,27,18,18,20
2019-04-01,1610612751,1610612749,2018,121.0,131.0,252.0,77,39,38,0.506,77,57,20,0.74,22,17,32,25
2019-04-01,1610612752,1610612741,2018,113.0,105.0,218.0,76,14,62,0.184,77,21,56,0.273,7,7,9,12
2019-04-01,1610612761,1610612753,2018,121.0,109.0,230.0,77,54,23,0.701,77,38,39,0.494,30,24,23,15
2019-04-01,1610612750,1610612757,2018,122.0,132.0,254.0,76,34,42,0.447,76,48,28,0.632,24,10,29,19
2019-04-01,1610612742,1610612755,2018,122.0,102.0,224.0,76,30,46,0.395,76,49,27,0.645,22,8,30,19
2019-04-01,1610612762,1610612766,2018,111.0,102.0,213.0,76,46,30,0.605,76,35,41,0.461,26,20,24,11
2019-04-01,1610612756,1610612739,2018,122.0,113.0,235.0,77,17,60,0.221,77,19,58,0.247,10,7,13,6
2019-03-31,1610612737,1610612749,2018,136.0,135.0,271.0,76,27,49,0.355,76,57,19,0.75,15,12,32,25
2019-03-31,1610612760,1610612742,2018,103.0,106.0,209.0,76,44,32,0.579,75,29,46,0.387,24,20,22,7
2019-03-31,1610612740,1610612747,2018,102.0,130.0,232.0,77,32,45,0.41600000000000004,76,34,42,0.447,19,13,21,13
2019-03-31,1610612759,1610612758,2018,106.0,113.0,219.0,76,44,32,0.579,76,37,39,0.48700000000000004,30,14,23,14
2019-03-31,1610612743,1610612764,2018,90.0,95.0,185.0,75,51,24,0.68,77,31,46,0.40299999999999997,31,20,22,9
2019-03-31,1610612744,1610612766,2018,137.0,90.0,227.0,75,51,24,0.68,75,35,40,0.467,26,25,24,11
2019-03-31,1610612746,1610612763,2018,113.0,96.0,209.0,77,46,31,0.597,76,31,45,0.408,24,22,20,11
2019-03-30,1610612746,1610612739,2018,132.0,108.0,240.0,76,45,31,0.5920000000000001,76,19,57,0.25,23,22,13,6
2019-03-30,1610612751,1610612738,2018,110.0,96.0,206.0,76,38,38,0.5,76,45,31,0.5920000000000001,21,17,27,18
2019-03-30,1610612745,1610612758,2018,119.0,108.0,227.0,76,48,28,0.632,75,37,38,0.493,28,20,23,14
2019-03-30,1610612765,1610612757,2018,99.0,90.0,189.0,75,38,37,0.507,75,48,27,0.64,24,14,29,19
2019-03-30,1610612754,1610612753,2018,116.0,121.0,237.0,76,45,31,0.5920000000000001,76,37,39,0.48700000000000004,28,17,23,14
2019-03-30,1610612752,1610612748,2018,92.0,100.0,192.0,75,14,61,0.187,75,37,38,0.493,7,7,18,19
2019-03-30,1610612741,1610612761,2018,101.0,124.0,225.0,76,21,55,0.276,76,53,23,0.6970000000000001,9,12,30,23
2019-03-30,1610612750,1610612755,2018,109.0,118.0,227.0,75,34,41,0.45299999999999996,75,48,27,0.64,24,10,30,18
2019-03-30,1610612756,1610612763,2018,115.0,120.0,235.0,76,17,59,0.22399999999999998,75,30,45,0.4,10,7,20,10
2019-03-29,1610612738,1610612754,2018,114.0,112.0,226.0,75,44,31,0.5870000000000001,75,45,30,0.6,26,18,28,17
2019-03-29,1610612737,1610612757,2018,98.0,118.0,216.0,75,27,48,0.36,74,47,27,0.635,15,12,29,18
2019-03-29,1610612750,1610612744,2018,131.0,130.0,261.0,74,33,41,0.446,74,51,23,0.6890000000000001,23,10,26,25
2019-03-29,1610612760,1610612743,2018,105.0,115.0,220.0,75,44,31,0.5870000000000001,74,50,24,0.6759999999999999,24,20,31,19
2019-03-29,1610612762,1610612764,2018,128.0,124.0,252.0,75,45,30,0.6,76,31,45,0.408,25,20,22,9
2019-03-29,1610612747,1610612766,2018,129.0,115.0,244.0,75,33,42,0.44,74,35,39,0.473,20,13,24,11
2019-03-28,1610612765,1610612753,2018,115.0,98.0,213.0,74,37,37,0.5,75,37,38,0.493,23,14,23,14
2019-03-28,1610612755,1610612751,2018,123.0,110.0,233.0,74,47,27,0.635,75,38,37,0.507,29,18,21,17
2019-03-28,1610612748,1610612742,2018,105.0,99.0,204.0,74,36,38,0.486,74,29,45,0.392,17,19,22,7
2019-03-28,1610612752,1610612761,2018,92.0,117.0,209.0,74,14,60,0.18899999999999997,75,52,23,0.693,7,7,30,22
2019-03-28,1610612745,1610612743,2018,112.0,85.0,197.0,75,47,28,0.627,73,50,23,0.685,27,20,31,19
2019-03-28,1610612749,1610612746,2018,128.0,118.0,246.0,75,56,19,0.747,75,45,30,0.6,31,25,23,22
2019-03-28,1610612740,1610612758,2018,121.0,118.0,239.0,76,31,45,0.408,74,37,37,0.5,18,13,23,14
2019-03-28,1610612759,1610612739,2018,116.0,110.0,226.0,75,43,32,0.573,75,19,56,0.253,29,14,13,6
2019-03-27,1610612741,1610612757,2018,98.0,118.0,216.0,75,21,54,0.28,73,46,27,0.63,9,12,29,17
2019-03-27,1610612763,1610612744,2018,103.0,118.0,221.0,74,30,44,0.405,73,50,23,0.685,20,10,26,24
2019-03-27,1610612760,1610612754,2018,107.0,99.0,206.0,74,43,31,0.581,74,45,29,0.608,23,20,28,17
2019-03-27,1610612756,1610612764,2018,121.0,124.0,245.0,75,17,58,0.22699999999999998,75,30,45,0.4,10,7,22,8
2019-03-27,1610612762,1610612747,2018,115.0,100.0,215.0,74,44,30,0.595,74,33,41,0.446,24,20,20,13
2019-03-26,1610612766,1610612759,2018,125.0,116.0,241.0,73,34,39,0.466,74,43,31,0.581,23,11,29,14
2019-03-26,1610612739,1610612738,2018,106.0,116.0,222.0,74,19,55,0.257,74,43,31,0.581,13,6,26,17
2019-03-26,1610612748,1610612753,2018,99.0,104.0,203.0,73,36,37,0.493,74,36,38,0.486,17,19,23,13
2019-03-26,1610612761,1610612741,2018,112.0,103.0,215.0,74,51,23,0.6890000000000001,74,21,53,0.284,29,22,9,12
2019-03-26,1610612749,1610612745,2018,108.0,94.0,202.0,74,55,19,0.743,74,47,27,0.635,30,25,27,20
2019-03-26,1610612750,1610612746,2018,111.0,122.0,233.0,73,33,40,0.452,74,44,30,0.595,23,10,23,21
2019-03-26,1610612740,1610612737,2018,120.0,130.0,250.0,75,31,44,0.413,74,26,48,0.35100000000000003,18,13,15,11
2019-03-26,1610612742,1610612758,2018,121.0,125.0,246.0,73,29,44,0.397,73,36,37,0.493,22,7,23,13
2019-03-26,1610612743,1610612765,2018,95.0,92.0,187.0,72,49,23,0.6809999999999999,73,37,36,0.507,30,19,23,14
2019-03-26,1610612747,1610612764,2018,124.0,106.0,230.0,73,32,41,0.43799999999999994,74,30,44,0.405,19,13,22,8
2019-03-25,1610612753,1610612755,2018,119.0,98.0,217.0,73,35,38,0.479,73,47,26,0.644,22,13,29,18
2019-03-25,1610612763,1610612760,2018,115.0,103.0,218.0,73,29,44,0.397,73,43,30,0.589,19,10,23,20
2019-03-25,1610612762,1610612756,2018,125.0,92.0,217.0,73,43,30,0.589,74,17,57,0.23,23,20,10,7
2019-03-25,1610612757,1610612751,2018,148.0,144.0,292.0,72,45,27,0.625,74,38,36,0.514,28,17,21,17
2019-03-24,1610612752,1610612746,2018,113.0,124.0,237.0,73,14,59,0.192,73,43,30,0.589,7,7,23,20
2019-03-24,1610612749,1610612739,2018,127.0,105.0,232.0,73,54,19,0.74,73,19,54,0.26,29,25,13,6
2019-03-24,1610612754,1610612743,2018,124.0,88.0,212.0,73,44,29,0.603,71,49,22,0.69,27,17,30,19
2019-03-24,1610612761,1610612766,2018,114.0,115.0,229.0,73,51,22,0.6990000000000001,72,33,39,0.45799999999999996,29,22,23,10
2019-03-24,1610612740,1610612745,2018,90.0,113.0,203.0,74,31,43,0.419,73,46,27,0.63,18,13,27,19
2019-03-24,1610612738,1610612759,2018,96.0,115.0,211.0,73,43,30,0.589,73,42,31,0.575,26,17,29,13
2019-03-24,1610612744,1610612765,2018,121.0,114.0,235.0,72,49,23,0.6809999999999999,72,37,35,0.514,25,24,23,14
2019-03-24,1610612747,1610612758,2018,111.0,106.0,217.0,72,31,41,0.431,72,36,36,0.5,18,13,23,13
2019-03-23,1610612766,1610612738,2018,124.0,117.0,241.0,71,32,39,0.451,72,43,29,0.597,22,10,26,17
2019-03-23,1610612764,1610612748,2018,108.0,113.0,221.0,73,30,43,0.41100000000000003,72,35,37,0.486,22,8,17,18
2019-03-23,1610612737,1610612755,2018,129.0,127.0,256.0,73,25,48,0.342,72,47,25,0.653,14,11,29,18
2019-03-23,1610612741,1610612762,2018,83.0,114.0,197.0,73,21,52,0.28800000000000003,72,42,30,0.583,9,12,23,19
2019-03-23,1610612763,1610612750,2018,99.0,112.0,211.0,72,29,43,0.40299999999999997,72,32,40,0.444,19,10,23,9
2019-03-23,1610612744,1610612742,2018,91.0,126.0,217.0,71,49,22,0.69,72,28,44,0.389,25,24,22,6
2019-03-23,1610612757,1610612765,2018,117.0,112.0,229.0,71,44,27,0.62,71,37,34,0.521,27,17,23,14
2019-03-23,1610612758,1610612756,2018,112.0,103.0,215.0,71,35,36,0.493,73,17,56,0.233,22,13,10,7
2019-03-22,1610612753,1610612763,2018,123.0,119.0,242.0,72,34,38,0.47200000000000003,71,29,42,0.408,21,13,19,10
2019-03-22,1610612739,1610612746,2018,108.0,110.0,218.0,72,19,53,0.264,72,42,30,0.583,13,6,23,19
2019-03-22,1610612752,1610612743,2018,93.0,111.0,204.0,72,14,58,0.19399999999999998,70,48,22,0.6859999999999999,7,7,30,18
2019-03-22,1610612761,1610612760,2018,109.0,116.0,225.0,72,51,21,0.708,72,42,30,0.583,29,22,23,19
2019-03-22,1610612745,1610612759,2018,111.0,105.0,216.0,72,45,27,0.625,72,42,30,0.583,26,19,29,13
2019-03-22,1610612749,1610612748,2018,116.0,87.0,203.0,72,53,19,0.736,71,35,36,0.493,28,25,17,18
2019-03-22,1610612747,1610612751,2018,106.0,111.0,217.0,71,31,40,0.4370000000000001,73,37,36,0.507,18,13,21,16
2019-03-21,1610612766,1610612750,2018,113.0,106.0,219.0,70,31,39,0.44299999999999995,71,32,39,0.451,21,10,23,9
2019-03-21,1610612764,1610612743,2018,108.0,113.0,221.0,72,30,42,0.41700000000000004,69,47,22,0.6809999999999999,22,8,30,17
2019-03-21,1610612737,1610612762,2018,117.0,114.0,231.0,72,24,48,0.33299999999999996,71,42,29,0.5920000000000001,13,11,23,19
2019-03-21,1610612756,1610612765,2018,98.0,118.0,216.0,72,17,55,0.23600000000000002,70,36,34,0.514,10,7,23,13
2019-03-21,1610612758,1610612742,2018,116.0,100.0,216.0,70,34,36,0.486,71,28,43,0.39399999999999996,21,13,22,6
2019-03-21,1610612744,1610612754,2018,112.0,89.0,201.0,70,48,22,0.6859999999999999,72,44,28,0.611,24,24,27,17
2019-03-20,1610612739,1610612749,2018,107.0,102.0,209.0,71,18,53,0.254,71,53,18,0.746,12,6,28,25
2019-03-20,1610612753,1610612740,2018,119.0,96.0,215.0,71,33,38,0.465,73,31,42,0.425,20,13,18,13
2019-03-20,1610612755,1610612738,2018,118.0,115.0,233.0,71,46,25,0.648,71,43,28,0.606,28,18,26,17
2019-03-20,1610612752,1610612762,2018,116.0,137.0,253.0,71,14,57,0.19699999999999998,70,41,29,0.586,7,7,23,18
2019-03-20,1610612741,1610612764,2018,126.0,120.0,246.0,72,20,52,0.278,71,30,41,0.423,8,12,22,8
2019-03-20,1610612763,1610612745,2018,126.0,125.0,251.0,70,28,42,0.4,71,45,26,0.634,18,10,26,19
2019-03-20,1610612759,1610612748,2018,105.0,110.0,215.0,71,42,29,0.5920000000000001,70,34,36,0.486,29,13,17,17
2019-03-20,1610612760,1610612761,2018,114.0,123.0,237.0,71,42,29,0.5920000000000001,71,50,21,0.7040000000000001,23,19,29,21
2019-03-20,1610612757,1610612742,2018,126.0,118.0,244.0,70,43,27,0.614,70,28,42,0.4,26,17,22,6
2019-03-19,1610612766,1610612755,2018,114.0,118.0,232.0,69,31,38,0.449,70,45,25,0.643,21,10,28,17
2019-03-19,1610612737,1610612745,2018,105.0,121.0,226.0,71,24,47,0.33799999999999997,70,44,26,0.629,13,11,26,18
2019-03-19,1610612749,1610612747,2018,115.0,101.0,216.0,70,52,18,0.743,70,31,39,0.44299999999999995,27,25,18,13
2019-03-19,1610612750,1610612744,2018,107.0,117.0,224.0,70,32,38,0.457,69,47,22,0.6809999999999999,23,9,24,23
2019-03-19,1610612758,1610612751,2018,121.0,123.0,244.0,69,34,35,0.493,72,36,36,0.5,21,13,21,15
2019-03-19,1610612746,1610612754,2018,115.0,109.0,224.0,71,41,30,0.5770000000000001,71,44,27,0.62,22,19,27,17
2019-03-18,1610612739,1610612765,2018,126.0,119.0,245.0,70,17,53,0.243,69,36,33,0.522,11,6,23,13
2019-03-18,1610612764,1610612762,2018,95.0,116.0,211.0,70,30,40,0.429,69,40,29,0.58,22,8,23,17
2019-03-18,1610612738,1610612743,2018,105.0,114.0,219.0,70,43,27,0.614,68,46,22,0.6759999999999999,26,17,30,16
2019-03-18,1610612761,1610612752,2018,128.0,92.0,220.0,70,49,21,0.7,70,14,56,0.2,28,21,7,7
2019-03-18,1610612760,1610612748,2018,107.0,116.0,223.0,70,42,28,0.6,69,33,36,0.478,23,19,17,16
2019-03-18,1610612759,1610612744,2018,111.0,105.0,216.0,70,41,29,0.586,68,47,21,0.691,28,13,24,23
2019-03-18,1610612742,1610612740,2018,125.0,129.0,254.0,69,28,41,0.406,72,30,42,0.41700000000000004,22,6,18,12
2019-03-18,1610612756,1610612741,2018,101.0,116.0,217.0,71,17,54,0.239,71,19,52,0.268,10,7,8,11
2019-03-18,1610612757,1610612754,2018,106.0,98.0,204.0,69,42,27,0.609,70,44,26,0.629,25,17,27,17
2019-03-17,1610612752,1610612747,2018,124.0,123.0,247.0,69,13,56,0.188,69,31,38,0.449,6,7,18,13
2019-03-17,1610612748,1610612766,2018,93.0,75.0,168.0,68,32,36,0.47100000000000003,68,31,37,0.456,16,16,21,10
2019-03-17,1610612749,1610612755,2018,125.0,130.0,255.0,69,52,17,0.754,69,44,25,0.638,27,25,28,16
2019-03-17,1610612765,1610612761,2018,110.0,107.0,217.0,68,35,33,0.515,69,49,20,0.71,22,13,28,21
2019-03-17,1610612753,1610612737,2018,101.0,91.0,192.0,70,32,38,0.457,70,24,46,0.34299999999999997,19,13,13,11
2019-03-17,1610612758,1610612741,2018,129.0,102.0,231.0,68,33,35,0.485,70,19,51,0.271,20,13,8,11
2019-03-17,1610612745,1610612750,2018,117.0,102.0,219.0,69,43,26,0.623,69,32,37,0.46399999999999997,25,18,23,9
2019-03-17,1610612746,1610612751,2018,119.0,116.0,235.0,70,40,30,0.5710000000000001,71,36,35,0.507,21,19,21,15
2019-03-16,1610612738,1610612737,2018,129.0,120.0,249.0,69,42,27,0.609,69,24,45,0.348,25,17,13,11
2019-03-16,1610612764,1610612763,2018,135.0,128.0,263.0,69,29,40,0.42,69,28,41,0.406,21,8,18,10
2019-03-16,1610612740,1610612756,2018,136.0,138.0,274.0,71,30,41,0.423,70,16,54,0.22899999999999998,18,12,10,6
2019-03-16,1610612742,1610612739,2018,121.0,116.0,237.0,68,27,41,0.397,69,17,52,0.24600000000000002,21,6,11,6
2019-03-16,1610612760,1610612744,2018,88.0,110.0,198.0,69,42,27,0.609,67,46,21,0.687,23,19,24,22
2019-03-16,1610612759,1610612757,2018,108.0,103.0,211.0,69,40,29,0.58,68,42,26,0.618,27,13,25,17
2019-03-16,1610612743,1610612754,2018,102.0,100.0,202.0,67,45,22,0.672,69,44,25,0.638,29,16,27,17
2019-03-16,1610612762,1610612751,2018,114.0,98.0,212.0,68,39,29,0.574,70,36,34,0.514,22,17,21,15
2019-03-15,1610612765,1610612747,2018,111.0,97.0,208.0,67,34,33,0.507,68,31,37,0.456,21,13,18,13
2019-03-15,1610612755,1610612758,2018,123.0,114.0,237.0,68,43,25,0.632,67,33,34,0.493,27,16,20,13
2019-03-15,1610612764,1610612766,2018,110.0,116.0,226.0,68,29,39,0.426,67,30,37,0.44799999999999995,21,8,21,9
2019-03-15,1610612748,1610612749,2018,98.0,113.0,211.0,67,32,35,0.478,68,51,17,0.75,16,16,27,24
2019-03-15,1610612745,1610612756,2018,108.0,102.0,210.0,68,42,26,0.618,69,16,53,0.23199999999999998,24,18,10,6
2019-03-15,1610612740,1610612757,2018,110.0,122.0,232.0,70,30,40,0.429,67,41,26,0.612,18,12,25,16
2019-03-15,1610612759,1610612752,2018,109.0,83.0,192.0,68,39,29,0.574,68,13,55,0.191,26,13,6,7
2019-03-15,1610612746,1610612741,2018,128.0,121.0,249.0,69,39,30,0.565,69,19,50,0.275,20,19,8,11
2019-03-14,1610612754,1610612760,2018,108.0,106.0,214.0,68,43,25,0.632,68,42,26,0.618,26,17,23,19
2019-03-14,1610612753,1610612739,2018,120.0,91.0,211.0,69,31,38,0.449,68,17,51,0.25,18,13,11,6
2019-03-14,1610612738,1610612758,2018,126.0,120.0,246.0,68,41,27,0.603,66,33,33,0.5,24,17,20,13
2019-03-14,1610612761,1610612747,2018,111.0,98.0,209.0,68,48,20,0.706,67,31,36,0.46299999999999997,27,21,18,13
2019-03-14,1610612762,1610612750,2018,120.0,100.0,220.0,67,38,29,0.5670000000000001,68,32,36,0.47100000000000003,21,17,23,9
2019-03-14,1610612743,1610612742,2018,100.0,99.0,199.0,66,44,22,0.667,67,27,40,0.40299999999999997,28,16,21,6
2019-03-13,1610612764,1610612753,2018,100.0,90.0,190.0,67,28,39,0.418,68,31,37,0.456,20,8,18,13
2019-03-13,1610612760,1610612751,2018,108.0,96.0,204.0,67,41,26,0.612,69,36,33,0.522,22,19,21,15
2019-03-13,1610612748,1610612765,2018,108.0,74.0,182.0,66,31,35,0.47,66,34,32,0.515,15,16,21,13
2019-03-13,1610612737,1610612763,2018,132.0,111.0,243.0,68,23,45,0.33799999999999997,68,28,40,0.41200000000000003,12,11,18,10
2019-03-13,1610612745,1610612744,2018,104.0,106.0,210.0,67,42,25,0.627,66,45,21,0.682,24,18,24,21
2019-03-13,1610612756,1610612762,2018,97.0,114.0,211.0,68,16,52,0.235,66,37,29,0.561,10,6,21,16
2019-03-12,1610612754,1610612752,2018,103.0,98.0,201.0,67,42,25,0.627,67,13,54,0.19399999999999998,25,17,6,7
2019-03-12,1610612755,1610612739,2018,106.0,99.0,205.0,67,42,25,0.627,67,17,50,0.254,26,16,11,6
2019-03-12,1610612741,1610612747,2018,107.0,123.0,230.0,68,19,49,0.27899999999999997,66,30,36,0.455,8,11,18,12
2019-03-12,1610612740,1610612749,2018,113.0,130.0,243.0,69,30,39,0.435,67,50,17,0.746,18,12,27,23
2019-03-12,1610612742,1610612759,2018,105.0,112.0,217.0,66,27,39,0.409,67,38,29,0.5670000000000001,21,6,26,12
2019-03-12,1610612743,1610612750,2018,133.0,107.0,240.0,65,43,22,0.662,67,32,35,0.478,27,16,23,9
2019-03-12,1610612746,1610612757,2018,104.0,125.0,229.0,68,39,29,0.574,66,40,26,0.606,20,19,25,15
2019-03-11,1610612739,1610612761,2018,126.0,101.0,227.0,66,16,50,0.242,67,48,19,0.716,10,6,27,21
2019-03-11,1610612764,1610612758,2018,121.0,115.0,236.0,66,27,39,0.409,65,33,32,0.508,19,8,20,13
2019-03-11,1610612751,1610612765,2018,103.0,75.0,178.0,68,35,33,0.515,65,34,31,0.523,20,15,21,13
2019-03-11,1610612745,1610612766,2018,118.0,106.0,224.0,66,41,25,0.621,66,30,36,0.455,23,18,21,9
2019-03-11,1610612762,1610612760,2018,89.0,98.0,187.0,65,37,28,0.569,66,40,26,0.606,21,16,22,18
2019-03-11,1610612746,1610612738,2018,140.0,115.0,255.0,67,38,29,0.5670000000000001,67,41,26,0.612,19,19,24,17
2019-03-10,1610612765,1610612741,2018,131.0,108.0,239.0,64,33,31,0.516,67,19,48,0.284,20,13,8,11
2019-03-10,1610612748,1610612761,2018,104.0,125.0,229.0,65,31,34,0.47700000000000004,66,47,19,0.7120000000000001,15,16,27,20
2019-03-10,1610612755,1610612754,2018,106.0,89.0,195.0,66,41,25,0.621,66,42,24,0.636,25,16,25,17
2019-03-10,1610612737,1610612740,2018,128.0,116.0,244.0,67,22,45,0.32799999999999996,68,30,38,0.441,11,11,18,12
2019-03-10,1610612763,1610612753,2018,105.0,97.0,202.0,67,27,40,0.40299999999999997,67,31,36,0.46299999999999997,17,10,18,13
2019-03-10,1610612742,1610612745,2018,93.0,94.0,187.0,65,27,38,0.415,65,40,25,0.615,21,6,23,17
2019-03-10,1610612750,1610612752,2018,103.0,92.0,195.0,66,31,35,0.47,66,13,53,0.19699999999999998,22,9,6,7
2019-03-10,1610612759,1610612749,2018,121.0,114.0,235.0,66,37,29,0.561,66,50,16,0.758,25,12,27,23
2019-03-10,1610612744,1610612756,2018,111.0,115.0,226.0,65,45,20,0.6920000000000001,67,15,52,0.22399999999999998,24,21,10,5
2019-03-09,1610612752,1610612758,2018,94.0,102.0,196.0,65,13,52,0.2,64,32,32,0.5,6,7,20,12
2019-03-09,1610612737,1610612751,2018,112.0,114.0,226.0,66,22,44,0.33299999999999996,67,34,33,0.507,11,11,20,14
2019-03-09,1610612750,1610612764,2018,135.0,130.0,265.0,65,30,35,0.462,65,27,38,0.415,21,9,19,8
2019-03-09,1610612747,1610612738,2018,107.0,120.0,227.0,65,30,35,0.462,66,40,26,0.606,18,12,24,16
2019-03-09,1610612749,1610612766,2018,131.0,114.0,245.0,65,49,16,0.754,65,30,35,0.462,26,23,21,9
2019-03-09,1610612757,1610612756,2018,127.0,120.0,247.0,65,39,26,0.6,66,15,51,0.22699999999999998,24,15,10,5
2019-03-08,1610612766,1610612764,2018,112.0,111.0,223.0,64,29,35,0.45299999999999996,64,27,37,0.42200000000000004,20,9,19,8
2019-03-08,1610612753,1610612742,2018,111.0,106.0,217.0,66,30,36,0.455,64,27,37,0.42200000000000004,17,13,21,6
2019-03-08,1610612748,1610612739,2018,126.0,110.0,236.0,64,30,34,0.469,65,16,49,0.24600000000000002,14,16,10,6
2019-03-08,1610612741,1610612765,2018,104.0,112.0,216.0,66,19,47,0.28800000000000003,63,32,31,0.508,8,11,20,12
2019-03-08,1610612745,1610612755,2018,107.0,91.0,198.0,64,39,25,0.609,65,41,24,0.631,22,17,25,16
2019-03-08,1610612763,1610612762,2018,114.0,104.0,218.0,66,26,40,0.39399999999999996,64,37,27,0.578,16,10,21,16
2019-03-08,1610612740,1610612761,2018,104.0,127.0,231.0,67,30,37,0.44799999999999995,65,46,19,0.708,18,12,27,19
2019-03-08,1610612744,1610612743,2018,122.0,105.0,227.0,64,44,20,0.688,64,43,21,0.672,23,21,27,16
2019-03-08,1610612746,1610612760,2018,118.0,110.0,228.0,66,37,29,0.561,65,40,25,0.615,18,19,22,18
2019-03-07,1610612749,1610612754,2018,117.0,98.0,215.0,64,48,16,0.75,65,42,23,0.6459999999999999,25,23,25,17
2019-03-07,1610612757,1610612760,2018,121.0,129.0,250.0,64,39,25,0.609,64,39,25,0.609,24,15,22,17
2019-03-06,1610612766,1610612748,2018,84.0,91.0,175.0,63,29,34,0.46,63,29,34,0.46,20,9,14,15
2019-03-06,1610612765,1610612750,2018,131.0,114.0,245.0,62,31,31,0.5,64,30,34,0.469,19,12,21,9
2019-03-06,1610612764,1610612742,2018,132.0,123.0,255.0,63,26,37,0.413,63,27,36,0.429,18,8,21,6
2019-03-06,1610612737,1610612759,2018,104.0,111.0,215.0,65,22,43,0.33799999999999997,65,36,29,0.5539999999999999,11,11,25,11
2019-03-06,1610612751,1610612739,2018,113.0,107.0,220.0,66,33,33,0.5,64,16,48,0.25,19,14,10,6
2019-03-06,1610612741,1610612755,2018,108.0,107.0,215.0,65,18,47,0.27699999999999997,64,41,23,0.6409999999999999,7,11,25,16
2019-03-06,1610612740,1610612762,2018,104.0,114.0,218.0,66,30,36,0.455,63,36,27,0.5710000000000001,18,12,21,15
2019-03-06,1610612756,1610612752,2018,107.0,96.0,203.0,65,14,51,0.215,64,13,51,0.203,9,5,6,7
2019-03-06,1610612758,1610612738,2018,109.0,111.0,220.0,63,32,31,0.508,65,39,26,0.6,20,12,24,15
2019-03-06,1610612747,1610612743,2018,99.0,115.0,214.0,64,30,34,0.469,63,42,21,0.667,18,12,27,15
2019-03-05,1610612754,1610612741,2018,105.0,96.0,201.0,64,41,23,0.6409999999999999,64,18,46,0.281,24,17,7,11
2019-03-05,1610612755,1610612753,2018,114.0,106.0,220.0,63,40,23,0.635,65,30,35,0.462,24,16,17,13
2019-03-05,1610612761,1610612745,2018,95.0,107.0,202.0,64,46,18,0.7190000000000001,63,38,25,0.603,27,19,22,16
2019-03-05,1610612763,1610612757,2018,120.0,111.0,231.0,65,25,40,0.385,63,39,24,0.619,15,10,24,15
2019-03-05,1610612750,1610612760,2018,131.0,120.0,251.0,63,29,34,0.46,63,39,24,0.619,20,9,22,17
2019-03-05,1610612744,1610612738,2018,95.0,128.0,223.0,63,44,19,0.698,64,38,26,0.594,23,21,24,14
2019-03-04,1610612751,1610612742,2018,127.0,88.0,215.0,65,32,33,0.4920000000000001,62,27,35,0.435,18,14,21,6
2019-03-04,1610612748,1610612737,2018,114.0,113.0,227.0,62,28,34,0.452,64,22,42,0.344,13,15,11,11
2019-03-04,1610612759,1610612743,2018,104.0,103.0,207.0,64,35,29,0.547,62,42,20,0.677,24,11,27,15
2019-03-04,1610612756,1610612749,2018,114.0,105.0,219.0,64,13,51,0.203,63,48,15,0.762,8,5,25,23
2019-03-04,1610612762,1610612740,2018,112.0,115.0,227.0,62,36,26,0.581,65,29,36,0.446,21,15,18,11
2019-03-04,1610612758,1610612752,2018,115.0,108.0,223.0,62,31,31,0.5,63,13,50,0.20600000000000002,19,12,6,7
2019-03-04,1610612747,1610612746,2018,105.0,113.0,218.0,63,30,33,0.47600000000000003,65,36,29,0.5539999999999999,18,12,18,18
2019-03-03,1610612766,1610612757,2018,108.0,118.0,226.0,62,29,33,0.46799999999999997,62,38,24,0.613,20,9,24,14
2019-03-03,1610612738,1610612745,2018,104.0,115.0,219.0,63,38,25,0.603,62,37,25,0.597,24,14,22,15
2019-03-03,1610612741,1610612737,2018,118.0,123.0,241.0,63,18,45,0.28600000000000003,63,21,42,0.33299999999999996,7,11,11,10
2019-03-03,1610612746,1610612752,2018,128.0,107.0,235.0,64,35,29,0.547,62,13,49,0.21,17,18,6,7
2019-03-03,1610612739,1610612753,2018,107.0,93.0,200.0,63,15,48,0.23800000000000002,64,30,34,0.469,9,6,17,13
2019-03-03,1610612765,1610612761,2018,112.0,107.0,219.0,61,30,31,0.4920000000000001,63,46,17,0.73,18,12,27,19
2019-03-03,1610612764,1610612750,2018,135.0,121.0,256.0,62,25,37,0.40299999999999997,62,29,33,0.46799999999999997,17,8,20,9
2019-03-03,1610612760,1610612763,2018,99.0,95.0,194.0,62,38,24,0.613,64,25,39,0.391,21,17,15,10
2019-03-02,1610612739,1610612765,2018,93.0,129.0,222.0,62,15,47,0.242,60,29,31,0.483,9,6,18,11
2019-03-02,1610612754,1610612753,2018,112.0,117.0,229.0,63,41,22,0.6509999999999999,63,29,34,0.46,24,17,17,12
2019-03-02,1610612748,1610612751,2018,117.0,88.0,205.0,61,27,34,0.44299999999999995,64,32,32,0.5,12,15,18,14
2019-03-02,1610612755,1610612744,2018,117.0,120.0,237.0,62,40,22,0.645,62,43,19,0.6940000000000001,24,16,23,20
2019-03-02,1610612742,1610612763,2018,81.0,111.0,192.0,61,27,34,0.44299999999999995,63,24,39,0.381,21,6,15,9
2019-03-02,1610612759,1610612760,2018,116.0,102.0,218.0,63,34,29,0.54,61,38,23,0.623,23,11,21,17
2019-03-02,1610612743,1610612740,2018,112.0,120.0,232.0,61,42,19,0.6890000000000001,64,28,36,0.43799999999999994,27,15,18,10
2019-03-02,1610612756,1610612747,2018,118.0,109.0,227.0,63,12,51,0.19,62,30,32,0.484,7,5,18,12
2019-03-02,1610612762,1610612749,2018,115.0,111.0,226.0,61,35,26,0.574,62,48,14,0.774,20,15,25,23
2019-03-01,1610612737,1610612741,2018,161.0,168.0,329.0,62,21,41,0.33899999999999997,62,17,45,0.27399999999999997,11,10,7,10
2019-03-01,1610612751,1610612766,2018,112.0,123.0,235.0,63,32,31,0.508,61,28,33,0.45899999999999996,18,14,20,8
2019-03-01,1610612761,1610612757,2018,119.0,117.0,236.0,62,45,17,0.726,61,38,23,0.623,26,19,24,14
2019-03-01,1610612738,1610612764,2018,107.0,96.0,203.0,62,37,25,0.597,61,25,36,0.41,23,14,17,8
2019-03-01,1610612756,1610612740,2018,116.0,130.0,246.0,62,12,50,0.19399999999999998,63,27,36,0.429,7,5,18,9
2019-03-01,1610612758,1610612746,2018,109.0,116.0,225.0,61,31,30,0.508,63,34,29,0.54,19,12,17,17
2019-03-01,1610612747,1610612749,2018,120.0,131.0,251.0,61,30,31,0.4920000000000001,61,47,14,0.77,18,12,25,22
2019-02-28,1610612754,1610612750,2018,122.0,115.0,237.0,62,40,22,0.645,61,29,32,0.475,23,17,20,9
2019-02-28,1610612753,1610612744,2018,103.0,96.0,199.0,62,28,34,0.452,61,43,18,0.705,16,12,23,20
2019-02-28,1610612752,1610612739,2018,118.0,125.0,243.0,61,13,48,0.213,61,14,47,0.23,6,7,9,5
2019-02-28,1610612745,1610612748,2018,121.0,118.0,239.0,61,36,25,0.59,60,27,33,0.45,21,15,12,15
2019-02-28,1610612760,1610612755,2018,104.0,108.0,212.0,60,38,22,0.633,61,39,22,0.639,21,17,24,15
2019-02-28,1610612743,1610612762,2018,104.0,111.0,215.0,60,42,18,0.7,60,34,26,0.5670000000000001,27,15,20,14
2019-02-27,1610612766,1610612745,2018,113.0,118.0,231.0,60,28,32,0.467,60,35,25,0.583,20,8,21,14
2019-02-27,1610612737,1610612750,2018,131.0,123.0,254.0,61,20,41,0.32799999999999996,60,29,31,0.483,10,10,20,9
2019-02-27,1610612751,1610612764,2018,116.0,125.0,241.0,62,32,30,0.516,60,24,36,0.4,18,14,17,7
2019-02-27,1610612748,1610612744,2018,126.0,125.0,251.0,59,26,33,0.441,60,43,17,0.7170000000000001,11,15,23,20
2019-02-27,1610612738,1610612757,2018,92.0,97.0,189.0,61,37,24,0.607,60,37,23,0.617,23,14,24,13
2019-02-27,1610612763,1610612741,2018,107.0,109.0,216.0,62,24,38,0.387,61,16,45,0.262,15,9,7,9
2019-02-27,1610612759,1610612765,2018,105.0,93.0,198.0,62,33,29,0.532,59,29,30,0.4920000000000001,22,11,18,11
2019-02-27,1610612742,1610612754,2018,110.0,101.0,211.0,60,26,34,0.433,61,40,21,0.6559999999999999,20,6,23,17
2019-02-27,1610612762,1610612746,2018,111.0,105.0,216.0,59,33,26,0.5589999999999999,62,34,28,0.5479999999999999,19,14,17,17
2019-02-27,1610612758,1610612749,2018,140.0,141.0,281.0,60,31,29,0.517,60,46,14,0.767,19,12,25,21
2019-02-27,1610612747,1610612740,2018,125.0,119.0,244.0,60,29,31,0.483,62,27,35,0.435,17,12,18,9
2019-02-26,1610612752,1610612753,2018,108.0,103.0,211.0,60,12,48,0.2,61,28,33,0.45899999999999996,5,7,16,12
2019-02-26,1610612761,1610612738,2018,118.0,95.0,213.0,61,44,17,0.721,60,37,23,0.617,25,19,23,14
2019-02-26,1610612743,1610612760,2018,121.0,112.0,233.0,59,41,18,0.695,59,38,21,0.644,26,15,21,17
2019-02-25,1610612766,1610612744,2018,110.0,121.0,231.0,59,28,31,0.475,59,42,17,0.7120000000000001,20,8,23,19
2019-02-25,1610612739,1610612757,2018,110.0,123.0,233.0,60,14,46,0.233,59,36,23,0.61,9,5,24,12
2019-02-25,1610612765,1610612754,2018,113.0,109.0,222.0,58,28,30,0.483,60,40,20,0.667,17,11,23,17
2019-02-25,1610612751,1610612759,2018,101.0,85.0,186.0,61,31,30,0.508,61,33,28,0.541,17,14,22,11
2019-02-25,1610612748,1610612756,2018,121.0,124.0,245.0,58,26,32,0.44799999999999995,61,11,50,0.18,11,15,7,4
2019-02-25,1610612741,1610612749,2018,106.0,117.0,223.0,60,16,44,0.267,59,45,14,0.763,7,9,25,20
2019-02-25,1610612745,1610612737,2018,119.0,111.0,230.0,59,34,25,0.5760000000000001,60,20,40,0.33299999999999996,20,14,10,10
2019-02-25,1610612763,1610612747,2018,110.0,105.0,215.0,61,23,38,0.377,59,29,30,0.4920000000000001,14,9,17,12
2019-02-25,1610612750,1610612758,2018,112.0,105.0,217.0,59,28,31,0.475,59,31,28,0.525,19,9,19,12
2019-02-25,1610612740,1610612755,2018,110.0,111.0,221.0,61,27,34,0.44299999999999995,60,38,22,0.633,18,9,24,14
2019-02-25,1610612746,1610612742,2018,121.0,112.0,233.0,61,33,28,0.541,59,26,33,0.441,16,17,20,6
2019-02-24,1610612761,1610612753,2018,98.0,113.0,211.0,60,44,16,0.733,60,27,33,0.45,25,19,16,11
2019-02-24,1610612743,1610612746,2018,123.0,96.0,219.0,58,40,18,0.69,60,33,27,0.55,25,15,16,17
2019-02-24,1610612752,1610612759,2018,130.0,118.0,248.0,59,11,48,0.18600000000000005,60,33,27,0.55,4,7,22,11
2019-02-23,1610612755,1610612757,2018,115.0,130.0,245.0,59,38,21,0.644,58,35,23,0.603,24,14,24,11
2019-02-23,1610612737,1610612756,2018,120.0,112.0,232.0,59,19,40,0.322,60,11,49,0.183,9,10,7,4
2019-02-23,1610612766,1610612751,2018,115.0,117.0,232.0,58,28,30,0.483,60,30,30,0.5,20,8,17,13
2019-02-23,1610612739,1610612763,2018,112.0,107.0,219.0,59,13,46,0.22,60,23,37,0.38299999999999995,8,5,14,9
2019-02-23,1610612764,1610612754,2018,112.0,119.0,231.0,59,24,35,0.40700000000000003,59,39,20,0.6609999999999999,17,7,23,16
2019-02-23,1610612740,1610612747,2018,128.0,115.0,243.0,60,26,34,0.433,58,29,29,0.5,17,9,17,12
2019-02-23,1610612748,1610612765,2018,96.0,119.0,215.0,57,26,31,0.456,57,27,30,0.474,11,15,17,10
2019-02-23,1610612741,1610612738,2018,126.0,116.0,242.0,59,15,44,0.254,59,37,22,0.627,6,9,23,14
2019-02-23,1610612760,1610612758,2018,116.0,119.0,235.0,58,38,20,0.655,58,30,28,0.517,21,17,19,11
2019-02-23,1610612749,1610612750,2018,140.0,128.0,268.0,58,44,14,0.759,58,28,30,0.483,24,20,19,9
2019-02-23,1610612744,1610612745,2018,112.0,118.0,230.0,58,42,16,0.7240000000000001,58,33,25,0.569,23,19,20,13
2019-02-23,1610612762,1610612742,2018,125.0,109.0,234.0,58,32,26,0.552,58,26,32,0.44799999999999995,18,14,20,6
2019-02-22,1610612766,1610612764,2018,123.0,110.0,233.0,57,27,30,0.474,58,24,34,0.414,19,8,17,7
2019-02-22,1610612754,1610612740,2018,126.0,111.0,237.0,58,38,20,0.655,59,26,33,0.441,22,16,17,9
2019-02-22,1610612753,1610612741,2018,109.0,110.0,219.0,59,27,32,0.45799999999999996,58,14,44,0.24100000000000002,16,11,6,8
2019-02-22,1610612761,1610612759,2018,120.0,117.0,237.0,59,43,16,0.7290000000000001,59,33,26,0.5589999999999999,24,19,22,11
2019-02-22,1610612737,1610612765,2018,122.0,125.0,247.0,58,19,39,0.32799999999999996,56,26,30,0.46399999999999997,9,10,17,9
2019-02-22,1610612752,1610612750,2018,104.0,115.0,219.0,58,11,47,0.19,57,27,30,0.474,4,7,19,8
2019-02-22,1610612763,1610612746,2018,106.0,112.0,218.0,59,23,36,0.39,59,32,27,0.542,14,9,16,16
2019-02-22,1610612742,1610612743,2018,104.0,114.0,218.0,57,26,31,0.456,57,39,18,0.684,20,6,25,14
2019-02-22,1610612760,1610612762,2018,148.0,147.0,295.0,57,37,20,0.649,57,32,25,0.561,20,17,18,14
2019-02-21,1610612739,1610612756,2018,111.0,98.0,209.0,58,12,46,0.207,59,11,48,0.18600000000000005,7,5,7,4
2019-02-21,1610612755,1610612748,2018,106.0,102.0,208.0,58,37,21,0.638,56,26,30,0.46399999999999997,23,14,11,15
2019-02-21,1610612751,1610612757,2018,99.0,113.0,212.0,59,30,29,0.508,57,34,23,0.596,17,13,24,10
2019-02-21,1610612749,1610612738,2018,98.0,97.0,195.0,57,43,14,0.754,58,37,21,0.638,23,20,23,14
2019-02-21,1610612744,1610612758,2018,125.0,123.0,248.0,57,41,16,0.7190000000000001,57,30,27,0.526,22,19,19,11
2019-02-21,1610612747,1610612745,2018,111.0,106.0,217.0,57,28,29,0.491,57,33,24,0.579,16,12,20,13
2019-02-14,1610612753,1610612766,2018,127.0,89.0,216.0,58,26,32,0.44799999999999995,56,27,29,0.48200000000000004,15,11,19,8
2019-02-14,1610612737,1610612752,2018,91.0,106.0,197.0,57,19,38,0.33299999999999996,57,10,47,0.175,9,10,4,6
2019-02-14,1610612740,1610612760,2018,131.0,122.0,253.0,58,25,33,0.431,56,37,19,0.6609999999999999,16,9,20,17
2019-02-13,1610612739,1610612751,2018,139.0,148.0,287.0,57,12,45,0.21100000000000002,58,29,29,0.5,7,5,17,12
2019-02-13,1610612754,1610612749,2018,97.0,106.0,203.0,57,38,19,0.667,56,42,14,0.75,22,16,23,19
2019-02-13,1610612738,1610612765,2018,118.0,110.0,228.0,57,36,21,0.632,55,26,29,0.473,22,14,17,9
2019-02-13,1610612752,1610612755,2018,111.0,126.0,237.0,56,10,46,0.179,57,36,21,0.632,4,6,23,13
2019-02-13,1610612761,1610612764,2018,129.0,120.0,249.0,58,42,16,0.7240000000000001,57,24,33,0.42100000000000004,23,19,17,7
2019-02-13,1610612741,1610612763,2018,122.0,110.0,232.0,57,13,44,0.228,58,23,35,0.397,5,8,14,9
2019-02-13,1610612750,1610612745,2018,121.0,111.0,232.0,56,26,30,0.46399999999999997,56,33,23,0.589,18,8,20,13
2019-02-13,1610612742,1610612748,2018,101.0,112.0,213.0,56,26,30,0.46399999999999997,55,25,30,0.455,20,6,11,14
2019-02-13,1610612743,1610612758,2018,120.0,118.0,238.0,56,38,18,0.679,56,30,26,0.536,24,14,19,11
2019-02-13,1610612757,1610612744,2018,129.0,107.0,236.0,56,33,23,0.589,56,41,15,0.732,23,10,22,19
2019-02-13,1610612746,1610612756,2018,134.0,107.0,241.0,58,31,27,0.534,58,11,47,0.19,15,16,7,4
2019-02-12,1610612737,1610612747,2018,117.0,113.0,230.0,56,18,38,0.321,56,28,28,0.5,8,10,16,12
2019-02-12,1610612755,1610612738,2018,109.0,112.0,221.0,56,36,20,0.643,56,35,21,0.625,23,13,22,13
2019-02-12,1610612763,1610612759,2018,107.0,108.0,215.0,57,23,34,0.40399999999999997,58,32,26,0.552,14,9,22,10
2019-02-12,1610612740,1610612753,2018,88.0,118.0,206.0,57,25,32,0.439,57,25,32,0.439,16,9,15,10
2019-02-12,1610612744,1610612762,2018,115.0,108.0,223.0,55,40,15,0.727,56,32,24,0.5710000000000001,21,19,18,14
2019-02-11,1610612739,1610612752,2018,107.0,104.0,211.0,56,11,45,0.196,55,10,45,0.182,6,5,4,6
2019-02-11,1610612765,1610612764,2018,121.0,112.0,233.0,54,25,29,0.46299999999999997,56,24,32,0.429,16,9,17,7
2019-02-11,1610612754,1610612766,2018,99.0,90.0,189.0,56,37,19,0.6609999999999999,55,27,28,0.491,21,16,19,8
2019-02-11,1610612761,1610612751,2018,127.0,125.0,252.0,57,41,16,0.7190000000000001,57,29,28,0.509,22,19,17,12
2019-02-11,1610612741,1610612749,2018,99.0,112.0,211.0,56,13,43,0.23199999999999998,55,41,14,0.745,5,8,23,18
2019-02-11,1610612745,1610612742,2018,120.0,104.0,224.0,55,32,23,0.5820000000000001,55,26,29,0.473,19,13,20,6
2019-02-11,1610612750,1610612746,2018,130.0,120.0,250.0,55,25,30,0.455,57,31,26,0.544,17,8,15,16
2019-02-11,1610612760,1610612757,2018,120.0,111.0,231.0,55,36,19,0.655,55,33,22,0.6,19,17,23,10
2019-02-11,1610612743,1610612748,2018,103.0,87.0,190.0,55,37,18,0.6729999999999999,54,25,29,0.46299999999999997,23,14,11,14
2019-02-10,1610612742,1610612757,2018,102.0,101.0,203.0,54,25,29,0.46299999999999997,54,33,21,0.611,19,6,23,10
2019-02-10,1610612755,1610612747,2018,143.0,120.0,263.0,55,35,20,0.636,55,28,27,0.509,22,13,16,12
2019-02-10,1610612758,1610612756,2018,117.0,104.0,221.0,55,29,26,0.527,57,11,46,0.193,18,11,7,4
2019-02-10,1610612737,1610612753,2018,108.0,124.0,232.0,55,18,37,0.327,56,24,32,0.429,8,10,15,9
2019-02-10,1610612744,1610612748,2018,120.0,118.0,238.0,54,39,15,0.722,53,25,28,0.47200000000000003,20,19,11,14
2019-02-09,1610612762,1610612759,2018,125.0,105.0,230.0,55,31,24,0.564,57,32,25,0.561,17,14,22,10
2019-02-09,1610612754,1610612739,2018,105.0,90.0,195.0,55,36,19,0.655,55,11,44,0.2,20,16,6,5
2019-02-09,1610612737,1610612766,2018,120.0,129.0,249.0,54,18,36,0.33299999999999996,54,26,28,0.48100000000000004,8,10,19,7
2019-02-09,1610612752,1610612761,2018,99.0,104.0,203.0,54,10,44,0.185,56,40,16,0.7140000000000001,4,6,22,18
2019-02-09,1610612738,1610612746,2018,112.0,123.0,235.0,55,35,20,0.636,56,30,26,0.536,22,13,15,15
2019-02-09,1610612741,1610612764,2018,125.0,134.0,259.0,55,13,42,0.23600000000000002,55,23,32,0.418,5,8,17,6
2019-02-09,1610612763,1610612740,2018,99.0,90.0,189.0,56,22,34,0.39299999999999996,56,25,31,0.446,13,9,16,9
2019-02-09,1610612745,1610612760,2018,112.0,117.0,229.0,54,32,22,0.593,54,35,19,0.648,19,13,19,16
2019-02-09,1610612749,1610612753,2018,83.0,103.0,186.0,54,41,13,0.759,55,23,32,0.418,23,18,15,8
2019-02-08,1610612765,1610612752,2018,120.0,103.0,223.0,53,24,29,0.45299999999999996,53,10,43,0.18899999999999997,15,9,4,6
2019-02-08,1610612755,1610612743,2018,117.0,110.0,227.0,54,34,20,0.63,54,37,17,0.685,21,13,23,14
2019-02-08,1610612764,1610612739,2018,119.0,106.0,225.0,54,22,32,0.40700000000000003,54,11,43,0.204,16,6,6,5
2019-02-08,1610612751,1610612741,2018,106.0,125.0,231.0,56,29,27,0.518,54,12,42,0.222,17,12,5,7
2019-02-08,1610612742,1610612749,2018,107.0,122.0,229.0,53,25,28,0.47200000000000003,53,40,13,0.755,19,6,23,17
2019-02-08,1610612756,1610612744,2018,107.0,117.0,224.0,56,11,45,0.196,53,38,15,0.7170000000000001,7,4,20,18
2019-02-08,1610612740,1610612750,2018,122.0,117.0,239.0,55,24,31,0.436,54,25,29,0.46299999999999997,15,9,17,8
2019-02-08,1610612758,1610612748,2018,102.0,96.0,198.0,54,28,26,0.519,52,25,27,0.48100000000000004,17,11,11,14
2019-02-07,1610612754,1610612746,2018,116.0,92.0,208.0,54,35,19,0.648,55,30,25,0.545,19,16,15,15
2019-02-07,1610612753,1610612750,2018,122.0,112.0,234.0,54,22,32,0.40700000000000003,53,25,28,0.47200000000000003,14,8,17,8
2019-02-07,1610612737,1610612761,2018,101.0,119.0,220.0,53,18,35,0.34,55,39,16,0.7090000000000001,8,10,22,17
2019-02-07,1610612738,1610612747,2018,128.0,129.0,257.0,54,35,19,0.648,54,27,27,0.5,22,13,16,11
2019-02-07,1610612760,1610612763,2018,117.0,95.0,212.0,53,34,19,0.642,55,22,33,0.4,18,16,13,9
2019-02-07,1610612757,1610612759,2018,127.0,118.0,245.0,53,32,21,0.604,56,32,24,0.5710000000000001,22,10,22,10
2019-02-06,1610612751,1610612743,2018,135.0,130.0,265.0,55,28,27,0.509,53,37,16,0.698,16,12,23,14
2019-02-06,1610612741,1610612740,2018,120.0,125.0,245.0,53,12,41,0.226,54,23,31,0.426,5,7,15,8
2019-02-06,1610612749,1610612764,2018,148.0,129.0,277.0,52,39,13,0.75,53,22,31,0.415,22,17,16,6
2019-02-06,1610612742,1610612766,2018,99.0,93.0,192.0,52,24,28,0.462,53,26,27,0.491,18,6,19,7
2019-02-06,1610612762,1610612756,2018,116.0,88.0,204.0,54,30,24,0.556,55,11,44,0.2,16,14,7,4
2019-02-06,1610612758,1610612745,2018,101.0,127.0,228.0,53,28,25,0.528,53,31,22,0.585,17,11,19,12
2019-02-06,1610612744,1610612759,2018,141.0,102.0,243.0,52,37,15,0.7120000000000001,55,32,23,0.5820000000000001,19,18,22,10
2019-02-05,1610612766,1610612746,2018,115.0,117.0,232.0,52,26,26,0.5,54,29,25,0.537,19,7,15,14
2019-02-05,1610612739,1610612738,2018,96.0,103.0,199.0,53,11,42,0.20800000000000002,53,34,19,0.642,6,5,22,12
2019-02-05,1610612754,1610612747,2018,136.0,94.0,230.0,53,34,19,0.642,53,27,26,0.509,18,16,16,11
2019-02-05,1610612752,1610612765,2018,92.0,105.0,197.0,52,10,42,0.192,52,23,29,0.442,4,6,15,8
2019-02-05,1610612755,1610612761,2018,107.0,119.0,226.0,53,34,19,0.642,54,38,16,0.7040000000000001,21,13,22,16
2019-02-05,1610612763,1610612750,2018,108.0,106.0,214.0,54,21,33,0.389,52,25,27,0.48100000000000004,12,9,17,8
2019-02-05,1610612760,1610612753,2018,132.0,122.0,254.0,52,33,19,0.635,53,22,31,0.415,17,16,14,8
2019-02-05,1610612757,1610612748,2018,108.0,118.0,226.0,52,32,20,0.615,51,24,27,0.47100000000000003,22,10,11,13
2019-02-04,1610612765,1610612743,2018,129.0,103.0,232.0,51,22,29,0.431,52,37,15,0.7120000000000001,14,8,23,14
2019-02-04,1610612764,1610612737,2018,129.0,137.0,266.0,52,22,30,0.423,52,17,35,0.327,16,6,8,9
2019-02-04,1610612751,1610612749,2018,94.0,113.0,207.0,54,28,26,0.519,51,38,13,0.745,16,12,22,16
2019-02-04,1610612740,1610612754,2018,107.0,109.0,216.0,53,23,30,0.434,52,33,19,0.635,15,8,18,15
2019-02-04,1610612756,1610612745,2018,110.0,118.0,228.0,54,11,43,0.204,52,30,22,0.5770000000000001,7,4,19,11
2019-02-04,1610612758,1610612759,2018,127.0,112.0,239.0,52,27,25,0.519,54,32,22,0.593,16,11,22,10
2019-02-03,1610612752,1610612763,2018,84.0,96.0,180.0,51,10,41,0.196,53,20,33,0.377,4,6,12,8
2019-02-03,1610612738,1610612760,2018,134.0,129.0,263.0,52,33,19,0.635,51,33,18,0.647,21,12,17,16
2019-02-03,1610612761,1610612746,2018,121.0,103.0,224.0,53,37,16,0.698,53,29,24,0.547,21,16,15,14
2019-02-02,1610612765,1610612746,2018,101.0,111.0,212.0,50,22,28,0.44,52,28,24,0.5379999999999999,14,8,15,13
2019-02-02,1610612766,1610612741,2018,125.0,118.0,243.0,51,25,26,0.49,52,12,40,0.231,18,7,5,7
2019-02-02,1610612753,1610612751,2018,102.0,89.0,191.0,52,21,31,0.40399999999999997,53,28,25,0.528,13,8,16,12
2019-02-02,1610612764,1610612749,2018,115.0,131.0,246.0,51,22,29,0.431,50,37,13,0.74,16,6,22,15
2019-02-02,1610612739,1610612742,2018,98.0,111.0,209.0,52,11,41,0.212,51,23,28,0.451,6,5,18,5
2019-02-02,1610612748,1610612754,2018,88.0,95.0,183.0,50,24,26,0.48,51,32,19,0.627,11,13,18,14
2019-02-02,1610612759,1610612740,2018,113.0,108.0,221.0,53,31,22,0.585,52,23,29,0.442,21,10,15,8
2019-02-02,1610612744,1610612747,2018,115.0,101.0,216.0,51,36,15,0.706,52,27,25,0.519,18,18,16,11
2019-02-02,1610612750,1610612743,2018,106.0,107.0,213.0,51,25,26,0.49,51,36,15,0.706,17,8,23,13
2019-02-02,1610612756,1610612737,2018,112.0,118.0,230.0,53,11,42,0.20800000000000002,51,16,35,0.314,7,4,8,8
2019-02-02,1610612762,1610612745,2018,98.0,125.0,223.0,53,30,23,0.5660000000000001,51,29,22,0.569,16,14,19,10
2019-02-02,1610612758,1610612755,2018,115.0,108.0,223.0,51,26,25,0.51,52,34,18,0.654,15,11,21,13
2019-02-01,1610612766,1610612763,2018,100.0,92.0,192.0,50,24,26,0.48,52,20,32,0.385,17,7,12,8
2019-02-01,1610612752,1610612738,2018,99.0,113.0,212.0,50,10,40,0.2,51,32,19,0.627,4,6,21,11
2019-02-01,1610612748,1610612760,2018,102.0,118.0,220.0,49,24,25,0.49,50,32,18,0.64,11,13,17,15
2019-02-01,1610612762,1610612737,2018,128.0,112.0,240.0,52,29,23,0.5579999999999999,50,16,34,0.32,15,14,8,8
2019-02-01,1610612743,1610612745,2018,136.0,122.0,258.0,50,35,15,0.7,50,29,21,0.58,22,13,19,10
2019-01-31,1610612765,1610612742,2018,93.0,89.0,182.0,49,21,28,0.429,50,23,27,0.46,13,8,18,5
2019-01-31,1610612753,1610612754,2018,107.0,100.0,207.0,51,20,31,0.392,50,32,18,0.64,12,8,18,14
2019-01-31,1610612761,1610612749,2018,92.0,105.0,197.0,52,37,15,0.7120000000000001,49,36,13,0.735,21,16,22,14
2019-01-31,1610612759,1610612751,2018,117.0,114.0,231.0,52,30,22,0.5770000000000001,52,28,24,0.5379999999999999,20,10,16,12
2019-01-31,1610612744,1610612755,2018,104.0,113.0,217.0,50,36,14,0.72,51,33,18,0.647,18,18,21,12
2019-01-31,1610612746,1610612747,2018,120.0,123.0,243.0,51,28,23,0.5489999999999999,51,26,25,0.51,15,13,16,10
2019-01-30,1610612738,1610612766,2018,126.0,94.0,220.0,50,31,19,0.62,49,24,25,0.49,20,11,17,7
2019-01-30,1610612748,1610612741,2018,89.0,105.0,194.0,48,24,24,0.5,51,11,40,0.21600000000000005,11,13,5,6
2019-01-30,1610612752,1610612742,2018,90.0,114.0,204.0,49,10,39,0.204,49,22,27,0.449,4,6,18,4
2019-01-30,1610612764,1610612754,2018,107.0,89.0,196.0,50,21,29,0.42,49,32,17,0.653,15,6,18,14
2019-01-30,1610612750,1610612763,2018,99.0,97.0,196.0,50,24,26,0.48,51,20,31,0.392,16,8,12,8
2019-01-30,1610612740,1610612743,2018,99.0,105.0,204.0,51,23,28,0.451,49,34,15,0.6940000000000001,15,8,22,12
2019-01-30,1610612758,1610612737,2018,135.0,113.0,248.0,50,25,25,0.5,49,16,33,0.327,14,11,8,8
2019-01-30,1610612757,1610612762,2018,132.0,105.0,237.0,51,31,20,0.608,51,29,22,0.569,21,10,15,14
2019-01-29,1610612739,1610612764,2018,116.0,113.0,229.0,51,10,41,0.196,49,21,28,0.429,5,5,15,6
2019-01-29,1610612765,1610612749,2018,105.0,115.0,220.0,48,21,27,0.43799999999999994,48,35,13,0.7290000000000001,13,8,22,13
2019-01-29,1610612753,1610612760,2018,117.0,126.0,243.0,50,20,30,0.4,49,31,18,0.633,12,8,17,14
2019-01-29,1610612751,1610612741,2018,122.0,117.0,239.0,51,27,24,0.529,50,11,39,0.22,15,12,5,6
2019-01-29,1610612745,1610612740,2018,116.0,121.0,237.0,49,29,20,0.5920000000000001,50,22,28,0.44,19,10,15,7
2019-01-29,1610612759,1610612756,2018,126.0,124.0,250.0,51,29,22,0.569,52,11,41,0.212,19,10,7,4
2019-01-29,1610612747,1610612755,2018,105.0,121.0,226.0,50,26,24,0.52,50,32,18,0.64,16,10,21,11
2019-01-28,1610612766,1610612752,2018,101.0,92.0,193.0,48,23,25,0.479,48,10,38,0.20800000000000002,16,7,4,6
2019-01-28,1610612754,1610612744,2018,100.0,132.0,232.0,48,32,16,0.667,49,35,14,0.7140000000000001,18,14,18,17
2019-01-28,1610612738,1610612751,2018,112.0,104.0,216.0,49,30,19,0.612,50,27,23,0.54,19,11,15,12
2019-01-28,1610612763,1610612743,2018,92.0,95.0,187.0,50,20,30,0.4,48,33,15,0.688,12,8,22,11
2019-01-28,1610612746,1610612737,2018,118.0,123.0,241.0,50,28,22,0.56,48,15,33,0.313,15,13,8,7
2019-01-27,1610612741,1610612739,2018,101.0,104.0,205.0,49,11,38,0.22399999999999998,50,9,41,0.18,5,6,5,4
2019-01-27,1610612746,1610612758,2018,122.0,108.0,230.0,49,27,22,0.551,49,25,24,0.51,14,13,14,11
2019-01-27,1610612760,1610612749,2018,118.0,112.0,230.0,48,30,18,0.625,47,35,12,0.745,16,14,22,13
2019-01-27,1610612745,1610612753,2018,103.0,98.0,201.0,48,28,20,0.583,49,20,29,0.408,18,10,12,8
2019-01-27,1610612742,1610612761,2018,120.0,123.0,243.0,48,22,26,0.45799999999999996,51,36,15,0.706,18,4,21,15
2019-01-27,1610612750,1610612762,2018,111.0,125.0,236.0,49,24,25,0.49,50,28,22,0.56,16,8,15,13
2019-01-27,1610612759,1610612764,2018,132.0,119.0,251.0,50,28,22,0.56,48,21,27,0.43799999999999994,18,10,15,6
2019-01-27,1610612752,1610612748,2018,97.0,106.0,203.0,47,10,37,0.213,47,23,24,0.489,4,6,11,12
2019-01-27,1610612747,1610612756,2018,116.0,102.0,218.0,49,25,24,0.51,51,11,40,0.21600000000000005,15,10,7,4
2019-01-26,1610612740,1610612759,2018,114.0,126.0,240.0,49,22,27,0.449,49,27,22,0.551,15,7,18,9
2019-01-26,1610612763,1610612754,2018,106.0,103.0,209.0,49,19,30,0.38799999999999996,47,32,15,0.6809999999999999,11,8,18,14
2019-01-26,1610612738,1610612744,2018,111.0,115.0,226.0,48,30,18,0.625,48,34,14,0.708,19,11,18,16
2019-01-26,1610612743,1610612755,2018,126.0,110.0,236.0,47,32,15,0.6809999999999999,49,32,17,0.653,21,11,21,11
2019-01-26,1610612757,1610612737,2018,120.0,111.0,231.0,50,30,20,0.6,47,15,32,0.319,20,10,8,7
2019-01-25,1610612753,1610612764,2018,91.0,95.0,186.0,48,20,28,0.41700000000000004,47,20,27,0.426,12,8,15,5
2019-01-25,1610612751,1610612752,2018,109.0,99.0,208.0,49,26,23,0.531,46,10,36,0.217,14,12,4,6
2019-01-25,1610612739,1610612748,2018,94.0,100.0,194.0,49,9,40,0.184,46,22,24,0.478,5,4,11,11
2019-01-25,1610612741,1610612746,2018,101.0,106.0,207.0,48,11,37,0.22899999999999998,48,26,22,0.542,5,6,14,12
2019-01-25,1610612745,1610612761,2018,121.0,119.0,240.0,47,27,20,0.574,50,36,14,0.72,17,10,21,15
2019-01-25,1610612763,1610612758,2018,96.0,99.0,195.0,48,19,29,0.396,48,24,24,0.5,11,8,14,10
2019-01-25,1610612742,1610612765,2018,106.0,101.0,207.0,47,21,26,0.447,47,21,26,0.447,17,4,13,8
2019-01-25,1610612749,1610612766,2018,108.0,99.0,207.0,46,34,12,0.7390000000000001,47,23,24,0.489,21,13,16,7
2019-01-25,1610612743,1610612756,2018,132.0,95.0,227.0,46,31,15,0.674,50,11,39,0.22,20,11,7,4
2019-01-25,1610612762,1610612750,2018,106.0,102.0,208.0,49,27,22,0.551,48,24,24,0.5,14,13,16,8
2019-01-24,1610612764,1610612744,2018,118.0,126.0,244.0,46,20,26,0.435,47,33,14,0.7020000000000001,15,5,18,15
2019-01-24,1610612760,1610612740,2018,122.0,116.0,238.0,47,29,18,0.617,48,22,26,0.45799999999999996,15,14,15,7
2019-01-24,1610612756,1610612757,2018,106.0,120.0,226.0,49,11,38,0.22399999999999998,49,29,20,0.5920000000000001,7,4,20,9
2019-01-24,1610612747,1610612750,2018,105.0,120.0,225.0,48,25,23,0.521,47,23,24,0.489,15,10,16,7
2019-01-23,1610612754,1610612761,2018,110.0,106.0,216.0,46,31,15,0.674,49,36,13,0.735,17,14,21,15
2019-01-23,1610612738,1610612739,2018,123.0,103.0,226.0,47,29,18,0.617,48,9,39,0.188,18,11,5,4
2019-01-23,1610612751,1610612753,2018,114.0,110.0,224.0,48,25,23,0.521,47,20,27,0.426,13,12,12,8
2019-01-23,1610612748,1610612746,2018,99.0,111.0,210.0,45,22,23,0.489,47,25,22,0.532,11,11,14,11
2019-01-23,1610612752,1610612745,2018,110.0,114.0,224.0,45,10,35,0.222,46,26,20,0.565,4,6,17,9
2019-01-23,1610612755,1610612759,2018,122.0,120.0,242.0,48,31,17,0.6459999999999999,48,27,21,0.563,20,11,18,9
2019-01-23,1610612741,1610612737,2018,101.0,121.0,222.0,47,11,36,0.23399999999999999,46,14,32,0.304,5,6,8,6
2019-01-23,1610612763,1610612766,2018,107.0,118.0,225.0,47,19,28,0.40399999999999997,46,22,24,0.478,11,8,16,6
2019-01-23,1610612740,1610612765,2018,94.0,98.0,192.0,47,22,25,0.46799999999999997,46,20,26,0.435,15,7,13,7
2019-01-23,1610612762,1610612743,2018,114.0,108.0,222.0,48,26,22,0.542,45,31,14,0.6890000000000001,13,13,20,11
2019-01-22,1610612761,1610612758,2018,120.0,105.0,225.0,48,35,13,0.7290000000000001,47,24,23,0.511,20,15,14,10
2019-01-22,1610612760,1610612757,2018,123.0,114.0,237.0,46,28,18,0.609,48,29,19,0.604,14,14,20,9
2019-01-22,1610612742,1610612746,2018,106.0,98.0,204.0,46,20,26,0.435,46,25,21,0.5429999999999999,16,4,14,11
2019-01-22,1610612756,1610612750,2018,91.0,118.0,209.0,48,11,37,0.22899999999999998,46,22,24,0.478,7,4,16,6
2019-01-21,1610612752,1610612760,2018,109.0,127.0,236.0,44,10,34,0.22699999999999998,45,27,18,0.6,4,6,14,13
2019-01-21,1610612739,1610612741,2018,88.0,104.0,192.0,47,9,38,0.191,46,10,36,0.217,5,4,5,5
2019-01-21,1610612764,1610612765,2018,101.0,87.0,188.0,45,19,26,0.42200000000000004,45,20,25,0.444,14,5,13,7
2019-01-21,1610612749,1610612742,2018,116.0,106.0,222.0,45,33,12,0.733,45,20,25,0.444,20,13,16,4
2019-01-21,1610612737,1610612753,2018,103.0,122.0,225.0,45,14,31,0.311,46,19,27,0.413,8,6,12,7
2019-01-21,1610612751,1610612758,2018,123.0,94.0,217.0,47,24,23,0.511,46,24,22,0.522,12,12,14,10
2019-01-21,1610612763,1610612740,2018,85.0,105.0,190.0,46,19,27,0.413,46,21,25,0.457,11,8,15,6
2019-01-21,1610612738,1610612748,2018,107.0,99.0,206.0,46,28,18,0.609,44,22,22,0.5,17,11,11,11
2019-01-21,1610612755,1610612745,2018,121.0,93.0,214.0,47,30,17,0.638,45,26,19,0.578,19,11,17,9
2019-01-21,1610612762,1610612757,2018,104.0,109.0,213.0,47,26,21,0.5529999999999999,47,28,19,0.596,13,13,20,8
2019-01-21,1610612747,1610612744,2018,111.0,130.0,241.0,47,25,22,0.532,46,32,14,0.696,15,10,18,14
2019-01-20,1610612754,1610612766,2018,120.0,95.0,215.0,45,30,15,0.667,45,22,23,0.489,16,14,16,6
2019-01-20,1610612750,1610612756,2018,116.0,114.0,230.0,45,21,24,0.467,47,11,36,0.23399999999999999,15,6,7,4
2019-01-20,1610612759,1610612746,2018,95.0,103.0,198.0,47,27,20,0.574,45,24,21,0.5329999999999999,18,9,14,10
2019-01-19,1610612755,1610612760,2018,115.0,117.0,232.0,46,30,16,0.652,44,26,18,0.591,19,11,14,12
2019-01-19,1610612766,1610612756,2018,135.0,115.0,250.0,44,21,23,0.47700000000000004,46,11,35,0.239,15,6,7,4
2019-01-19,1610612765,1610612758,2018,101.0,103.0,204.0,44,20,24,0.455,45,23,22,0.511,13,7,14,9
2019-01-19,1610612754,1610612742,2018,111.0,99.0,210.0,44,29,15,0.659,44,20,24,0.455,15,14,16,4
2019-01-19,1610612753,1610612749,2018,108.0,118.0,226.0,45,19,26,0.42200000000000004,44,32,12,0.727,12,7,20,12
2019-01-19,1610612737,1610612738,2018,105.0,113.0,218.0,44,14,30,0.318,45,27,18,0.6,8,6,17,10
2019-01-19,1610612761,1610612763,2018,119.0,90.0,209.0,47,34,13,0.723,45,19,26,0.42200000000000004,19,15,11,8
2019-01-19,1610612741,1610612748,2018,103.0,117.0,220.0,45,10,35,0.222,43,21,22,0.488,5,5,11,10
2019-01-19,1610612745,1610612747,2018,138.0,134.0,272.0,44,25,19,0.568,46,25,21,0.5429999999999999,16,9,15,10
2019-01-19,1610612743,1610612739,2018,124.0,102.0,226.0,44,30,14,0.682,46,9,37,0.196,19,11,5,4
2019-01-18,1610612738,1610612763,2018,122.0,116.0,238.0,44,26,18,0.591,44,19,25,0.4320000000000001,16,10,11,8
2019-01-18,1610612765,1610612748,2018,98.0,93.0,191.0,43,19,24,0.442,42,21,21,0.5,12,7,11,10
2019-01-18,1610612753,1610612751,2018,115.0,117.0,232.0,44,19,25,0.4320000000000001,46,23,23,0.5,12,7,12,11
2019-01-18,1610612750,1610612759,2018,113.0,116.0,229.0,44,21,23,0.47700000000000004,46,26,20,0.565,15,6,18,8
2019-01-18,1610612762,1610612739,2018,115.0,99.0,214.0,46,25,21,0.5429999999999999,45,9,36,0.2,12,13,5,4
2019-01-18,1610612746,1610612744,2018,94.0,112.0,206.0,44,24,20,0.545,45,31,14,0.6890000000000001,14,10,18,13
2019-01-18,1610612757,1610612740,2018,128.0,112.0,240.0,46,27,19,0.5870000000000001,45,21,24,0.467,19,8,15,6
2019-01-17,1610612764,1610612752,2018,101.0,100.0,201.0,44,18,26,0.409,43,10,33,0.233,13,5,4,6
2019-01-17,1610612766,1610612758,2018,114.0,95.0,209.0,43,20,23,0.465,44,23,21,0.523,14,6,14,9
2019-01-17,1610612754,1610612755,2018,96.0,120.0,216.0,43,29,14,0.674,45,29,16,0.644,15,14,19,10
2019-01-17,1610612761,1610612756,2018,111.0,109.0,220.0,46,33,13,0.7170000000000001,45,11,34,0.244,18,15,7,4
2019-01-17,1610612743,1610612741,2018,135.0,105.0,240.0,43,29,14,0.674,44,10,34,0.22699999999999998,18,11,5,5
2019-01-17,1610612760,1610612747,2018,128.0,138.0,266.0,43,26,17,0.605,45,24,21,0.5329999999999999,14,12,15,9
2019-01-16,1610612765,1610612753,2018,120.0,115.0,235.0,42,18,24,0.429,43,19,24,0.442,11,7,12,7
2019-01-16,1610612738,1610612761,2018,117.0,108.0,225.0,43,25,18,0.581,45,33,12,0.733,15,10,18,15
2019-01-16,1610612745,1610612751,2018,142.0,145.0,287.0,43,25,18,0.581,45,22,23,0.489,16,9,12,10
2019-01-16,1610612763,1610612749,2018,101.0,111.0,212.0,43,19,24,0.442,43,31,12,0.721,11,8,20,11
2019-01-16,1610612742,1610612759,2018,101.0,105.0,206.0,43,20,23,0.465,45,25,20,0.556,16,4,18,7
2019-01-16,1610612757,1610612739,2018,129.0,112.0,241.0,45,26,19,0.578,44,9,35,0.205,18,8,5,4
2019-01-16,1610612744,1610612740,2018,147.0,140.0,287.0,44,30,14,0.682,44,21,23,0.47700000000000004,17,13,15,6
2019-01-16,1610612746,1610612762,2018,109.0,129.0,238.0,43,24,19,0.5579999999999999,45,24,21,0.5329999999999999,14,10,12,12
2019-01-15,1610612754,1610612756,2018,131.0,97.0,228.0,42,28,14,0.667,44,11,33,0.25,14,14,7,4
2019-01-15,1610612755,1610612750,2018,149.0,107.0,256.0,44,28,16,0.636,43,21,22,0.488,18,10,15,6
2019-01-15,1610612737,1610612760,2018,142.0,126.0,268.0,43,13,30,0.302,42,26,16,0.619,7,6,14,12
2019-01-15,1610612749,1610612748,2018,124.0,86.0,210.0,42,30,12,0.7140000000000001,41,21,20,0.512,19,11,11,10
2019-01-15,1610612743,1610612744,2018,111.0,142.0,253.0,42,29,13,0.69,43,29,14,0.674,18,11,17,12
2019-01-15,1610612747,1610612741,2018,107.0,100.0,207.0,44,23,21,0.523,43,10,33,0.233,14,9,5,5
2019-01-14,1610612751,1610612738,2018,109.0,102.0,211.0,44,21,23,0.47700000000000004,42,25,17,0.595,11,10,15,10
2019-01-14,1610612745,1610612763,2018,112.0,94.0,206.0,42,24,18,0.5710000000000001,42,19,23,0.452,15,9,11,8
2019-01-14,1610612759,1610612766,2018,93.0,108.0,201.0,44,25,19,0.568,42,19,23,0.452,18,7,14,5
2019-01-14,1610612762,1610612765,2018,100.0,94.0,194.0,44,23,21,0.523,41,18,23,0.439,11,12,11,7
2019-01-14,1610612758,1610612757,2018,115.0,107.0,222.0,43,22,21,0.512,44,26,18,0.591,13,9,18,8
2019-01-14,1610612746,1610612740,2018,117.0,121.0,238.0,42,24,18,0.5710000000000001,43,20,23,0.465,14,10,15,5
2019-01-13,1610612752,1610612755,2018,105.0,108.0,213.0,42,10,32,0.23800000000000002,43,27,16,0.628,4,6,18,9
2019-01-13,1610612764,1610612761,2018,138.0,140.0,278.0,43,18,25,0.419,44,32,12,0.727,13,5,18,14
2019-01-13,1610612737,1610612749,2018,114.0,133.0,247.0,42,13,29,0.31,41,29,12,0.7070000000000001,7,6,19,10
2019-01-13,1610612753,1610612745,2018,116.0,109.0,225.0,42,18,24,0.429,41,24,17,0.585,11,7,15,9
2019-01-13,1610612742,1610612744,2018,114.0,119.0,233.0,42,20,22,0.47600000000000003,42,28,14,0.667,16,4,17,11
2019-01-13,1610612743,1610612757,2018,116.0,113.0,229.0,41,28,13,0.6829999999999999,43,26,17,0.605,17,11,18,8
2019-01-13,1610612747,1610612739,2018,95.0,101.0,196.0,43,23,20,0.535,43,8,35,0.18600000000000005,14,9,5,3
2019-01-12,1610612746,1610612765,2018,104.0,109.0,213.0,41,24,17,0.585,40,17,23,0.425,14,10,11,6
2019-01-12,1610612748,1610612763,2018,112.0,108.0,220.0,40,20,20,0.5,41,19,22,0.46299999999999997,10,10,11,8
2019-01-12,1610612753,1610612738,2018,105.0,103.0,208.0,41,17,24,0.415,41,25,16,0.61,10,7,15,10
2019-01-12,1610612750,1610612740,2018,110.0,106.0,216.0,42,20,22,0.47600000000000003,42,20,22,0.47600000000000003,14,6,15,5
2019-01-12,1610612760,1610612759,2018,122.0,112.0,234.0,41,25,16,0.61,43,25,18,0.581,13,12,18,7
2019-01-12,1610612756,1610612743,2018,102.0,93.0,195.0,43,10,33,0.233,40,28,12,0.7,6,4,17,11
2019-01-12,1610612758,1610612766,2018,104.0,97.0,201.0,42,21,21,0.5,41,19,22,0.46299999999999997,12,9,14,5
2019-01-12,1610612762,1610612741,2018,110.0,102.0,212.0,43,22,21,0.512,42,10,32,0.23800000000000002,10,12,5,5
2019-01-11,1610612755,1610612737,2018,121.0,123.0,244.0,42,27,15,0.643,41,12,29,0.293,18,9,7,5
2019-01-11,1610612764,1610612749,2018,113.0,106.0,219.0,42,17,25,0.405,40,29,11,0.725,12,5,19,10
2019-01-11,1610612752,1610612754,2018,106.0,121.0,227.0,41,10,31,0.244,41,27,14,0.659,4,6,14,13
2019-01-11,1610612761,1610612751,2018,122.0,105.0,227.0,43,31,12,0.721,43,21,22,0.488,17,14,11,10
2019-01-11,1610612745,1610612739,2018,141.0,113.0,254.0,40,23,17,0.575,42,8,34,0.19,14,9,5,3
2019-01-11,1610612750,1610612742,2018,115.0,119.0,234.0,41,20,21,0.488,41,19,22,0.46299999999999997,14,6,16,3
2019-01-11,1610612762,1610612747,2018,113.0,95.0,208.0,42,21,21,0.5,42,23,19,0.5479999999999999,9,12,14,9
2019-01-11,1610612757,1610612766,2018,127.0,96.0,223.0,42,25,17,0.595,40,19,21,0.475,17,8,14,5
2019-01-11,1610612744,1610612741,2018,146.0,109.0,255.0,41,27,14,0.659,41,10,31,0.244,16,11,5,5
2019-01-10,1610612748,1610612738,2018,115.0,99.0,214.0,39,19,20,0.48700000000000004,40,25,15,0.625,9,10,15,10
2019-01-10,1610612743,1610612746,2018,121.0,100.0,221.0,39,27,12,0.6920000000000001,40,24,16,0.6,16,11,14,10
2019-01-10,1610612759,1610612760,2018,154.0,147.0,301.0,42,24,18,0.5710000000000001,40,25,15,0.625,17,7,13,12
2019-01-10,1610612758,1610612765,2018,112.0,102.0,214.0,41,20,21,0.488,39,17,22,0.436,11,9,11,6
2019-01-09,1610612738,1610612754,2018,135.0,108.0,243.0,39,24,15,0.615,40,27,13,0.675,14,10,14,13
2019-01-09,1610612764,1610612755,2018,123.0,106.0,229.0,41,16,25,0.39,41,27,14,0.659,11,5,18,9
2019-01-09,1610612751,1610612737,2018,116.0,100.0,216.0,42,20,22,0.47600000000000003,40,12,28,0.3,10,10,7,5
2019-01-09,1610612745,1610612749,2018,109.0,116.0,225.0,39,23,16,0.59,39,28,11,0.718,14,9,19,9
2019-01-09,1610612763,1610612759,2018,96.0,86.0,182.0,40,18,22,0.45,41,24,17,0.585,10,8,17,7
2019-01-09,1610612740,1610612739,2018,140.0,124.0,264.0,41,19,22,0.46299999999999997,41,8,33,0.195,14,5,5,3
2019-01-09,1610612742,1610612756,2018,104.0,94.0,198.0,40,18,22,0.45,42,10,32,0.23800000000000002,15,3,6,4
2019-01-09,1610612762,1610612753,2018,106.0,93.0,199.0,41,20,21,0.488,40,17,23,0.425,8,12,10,7
2019-01-09,1610612757,1610612741,2018,124.0,112.0,236.0,41,24,17,0.585,40,10,30,0.25,16,8,5,5
2019-01-09,1610612747,1610612765,2018,113.0,100.0,213.0,41,22,19,0.537,38,17,21,0.447,13,9,11,6
2019-01-08,1610612739,1610612754,2018,115.0,123.0,238.0,40,8,32,0.2,39,26,13,0.667,5,3,14,12
2019-01-08,1610612755,1610612764,2018,132.0,115.0,247.0,40,26,14,0.65,40,16,24,0.4,17,9,11,5
2019-01-08,1610612748,1610612743,2018,99.0,103.0,202.0,38,19,19,0.5,38,26,12,0.684,9,10,16,10
2019-01-08,1610612761,1610612737,2018,104.0,101.0,205.0,42,30,12,0.7140000000000001,39,12,27,0.308,16,14,7,5
2019-01-08,1610612760,1610612750,2018,117.0,119.0,236.0,39,25,14,0.6409999999999999,40,19,21,0.475,13,12,14,5
2019-01-08,1610612756,1610612758,2018,115.0,111.0,226.0,41,9,32,0.22,40,20,20,0.5,5,4,11,9
2019-01-08,1610612744,1610612752,2018,122.0,95.0,217.0,40,26,14,0.65,40,10,30,0.25,15,11,4,6
2019-01-08,1610612746,1610612766,2018,128.0,109.0,237.0,39,23,16,0.59,39,19,20,0.48700000000000004,13,10,14,5
2019-01-07,1610612765,1610612759,2018,107.0,119.0,226.0,37,17,20,0.45899999999999996,40,23,17,0.575,11,6,17,6
2019-01-07,1610612738,1610612751,2018,116.0,95.0,211.0,38,23,15,0.605,41,20,21,0.488,13,10,10,10
2019-01-07,1610612745,1610612743,2018,125.0,113.0,238.0,38,22,16,0.579,37,26,11,0.703,13,9,16,10
2019-01-07,1610612749,1610612762,2018,114.0,102.0,216.0,38,27,11,0.711,40,20,20,0.5,18,9,8,12
2019-01-07,1610612740,1610612763,2018,114.0,95.0,209.0,40,18,22,0.45,39,18,21,0.462,13,5,10,8
2019-01-07,1610612742,1610612747,2018,97.0,107.0,204.0,39,18,21,0.462,40,21,19,0.525,15,3,13,8
2019-01-07,1610612757,1610612752,2018,111.0,101.0,212.0,40,23,17,0.575,39,10,29,0.256,15,8,4,6
2019-01-07,1610612758,1610612753,2018,111.0,95.0,206.0,39,19,20,0.48700000000000004,39,17,22,0.436,10,9,10,7
2019-01-06,1610612741,1610612751,2018,100.0,117.0,217.0,39,10,29,0.256,40,19,21,0.475,5,5,10,9
2019-01-06,1610612750,1610612747,2018,108.0,86.0,194.0,39,18,21,0.462,39,21,18,0.5379999999999999,13,5,13,8
2019-01-06,1610612746,1610612753,2018,106.0,96.0,202.0,38,22,16,0.579,38,17,21,0.447,12,10,10,7
2019-01-06,1610612737,1610612748,2018,106.0,82.0,188.0,38,11,27,0.289,37,19,18,0.514,6,5,9,10
2019-01-06,1610612760,1610612764,2018,98.0,116.0,214.0,38,25,13,0.6579999999999999,39,15,24,0.385,13,12,11,4
2019-01-06,1610612761,1610612754,2018,121.0,105.0,226.0,41,29,12,0.7070000000000001,38,26,12,0.684,15,14,14,12
2019-01-06,1610612756,1610612766,2018,113.0,119.0,232.0,40,9,31,0.225,38,18,20,0.474,5,4,14,4
2019-01-05,1610612743,1610612766,2018,123.0,110.0,233.0,36,25,11,0.6940000000000001,37,18,19,0.486,15,10,14,4
2019-01-05,1610612765,1610612762,2018,105.0,110.0,215.0,36,17,19,0.47200000000000003,39,19,20,0.48700000000000004,11,6,8,11
2019-01-05,1610612755,1610612742,2018,106.0,100.0,206.0,39,25,14,0.6409999999999999,38,18,20,0.474,16,9,15,3
2019-01-05,1610612739,1610612740,2018,98.0,133.0,231.0,39,8,31,0.205,39,17,22,0.436,5,3,13,4
2019-01-05,1610612749,1610612761,2018,116.0,123.0,239.0,37,27,10,0.73,40,28,12,0.7,18,9,15,13
2019-01-05,1610612759,1610612763,2018,108.0,88.0,196.0,39,22,17,0.564,38,18,20,0.474,16,6,10,8
2019-01-05,1610612757,1610612745,2018,110.0,101.0,211.0,39,22,17,0.564,37,22,15,0.595,14,8,13,9
2019-01-05,1610612758,1610612744,2018,123.0,127.0,250.0,38,19,19,0.5,39,25,14,0.6409999999999999,10,9,15,10
2019-01-04,1610612739,1610612762,2018,91.0,117.0,208.0,38,8,30,0.21100000000000002,38,18,20,0.474,5,3,8,10
2019-01-04,1610612738,1610612742,2018,114.0,93.0,207.0,37,22,15,0.595,37,18,19,0.486,12,10,15,3
2019-01-04,1610612748,1610612764,2018,115.0,109.0,224.0,36,18,18,0.5,38,15,23,0.395,8,10,11,4
2019-01-04,1610612741,1610612754,2018,116.0,119.0,235.0,38,10,28,0.263,37,25,12,0.6759999999999999,5,5,14,11
2019-01-04,1610612763,1610612751,2018,100.0,109.0,209.0,37,18,19,0.486,39,18,21,0.462,10,8,10,8
2019-01-04,1610612750,1610612753,2018,120.0,103.0,223.0,38,17,21,0.447,37,17,20,0.45899999999999996,12,5,10,7
2019-01-04,1610612749,1610612737,2018,144.0,112.0,256.0,36,26,10,0.722,37,11,26,0.297,17,9,6,5
2019-01-04,1610612756,1610612746,2018,111.0,121.0,232.0,39,9,30,0.231,37,21,16,0.568,5,4,12,9
2019-01-04,1610612747,1610612752,2018,112.0,119.0,231.0,38,21,17,0.5529999999999999,38,9,29,0.237,13,8,4,5
2019-01-04,1610612757,1610612760,2018,109.0,111.0,220.0,38,22,16,0.579,37,24,13,0.649,14,8,13,11
2019-01-03,1610612759,1610612761,2018,125.0,107.0,232.0,38,21,17,0.5529999999999999,39,28,11,0.718,15,6,15,13
2019-01-03,1610612758,1610612743,2018,113.0,117.0,230.0,37,19,18,0.514,35,24,11,0.6859999999999999,10,9,15,9
2019-01-03,1610612744,1610612745,2018,134.0,135.0,269.0,38,25,13,0.6579999999999999,36,21,15,0.583,15,10,13,8
2019-01-02,1610612766,1610612742,2018,84.0,122.0,206.0,36,18,18,0.5,36,17,19,0.47200000000000003,14,4,15,2
2019-01-02,1610612739,1610612748,2018,92.0,117.0,209.0,37,8,29,0.21600000000000005,35,17,18,0.486,5,3,8,9
2019-01-02,1610612764,1610612737,2018,114.0,98.0,212.0,37,14,23,0.37799999999999995,36,11,25,0.306,10,4,6,5
2019-01-02,1610612751,1610612740,2018,126.0,121.0,247.0,38,17,21,0.447,38,17,21,0.447,9,8,13,4
2019-01-02,1610612738,1610612750,2018,115.0,102.0,217.0,36,21,15,0.583,37,17,20,0.45899999999999996,11,10,12,5
2019-01-02,1610612741,1610612753,2018,84.0,112.0,196.0,37,10,27,0.27,36,16,20,0.444,5,5,10,6
2019-01-02,1610612763,1610612765,2018,94.0,101.0,195.0,36,18,18,0.5,35,16,19,0.457,10,8,11,5
2019-01-02,1610612756,1610612755,2018,127.0,132.0,259.0,38,9,29,0.237,38,24,14,0.632,5,4,16,8
2019-01-02,1610612747,1610612760,2018,100.0,107.0,207.0,37,21,16,0.568,36,23,13,0.639,13,8,13,10
2019-01-01,1610612761,1610612762,2018,122.0,116.0,238.0,38,27,11,0.711,37,18,19,0.486,14,13,8,10
2019-01-01,1610612749,1610612765,2018,121.0,98.0,219.0,35,25,10,0.7140000000000001,34,16,18,0.47100000000000003,16,9,11,5
2019-01-01,1610612743,1610612752,2018,115.0,108.0,223.0,34,23,11,0.6759999999999999,37,9,28,0.243,14,9,4,5
2019-01-01,1610612758,1610612757,2018,108.0,113.0,221.0,36,19,17,0.528,37,21,16,0.568,10,9,14,7
2019-01-01,1610612746,1610612755,2018,113.0,119.0,232.0,36,21,15,0.583,37,23,14,0.622,12,9,16,7
2018-12-31,1610612754,1610612737,2018,116.0,108.0,224.0,36,24,12,0.667,35,11,24,0.314,13,11,6,5
2018-12-31,1610612766,1610612753,2018,125.0,100.0,225.0,35,17,18,0.486,35,16,19,0.457,13,4,10,6
2018-12-31,1610612745,1610612763,2018,113.0,101.0,214.0,35,20,15,0.5710000000000001,35,18,17,0.514,12,8,10,8
2018-12-31,1610612759,1610612738,2018,120.0,111.0,231.0,37,20,17,0.541,35,21,14,0.6,14,6,11,10
2018-12-31,1610612740,1610612750,2018,123.0,114.0,237.0,37,16,21,0.4320000000000001,36,17,19,0.47200000000000003,12,4,12,5
2018-12-31,1610612760,1610612742,2018,122.0,102.0,224.0,35,22,13,0.629,35,17,18,0.486,12,10,15,2
2018-12-31,1610612756,1610612744,2018,109.0,132.0,241.0,37,9,28,0.243,37,24,13,0.649,5,4,15,9
2018-12-30,1610612753,1610612765,2018,109.0,107.0,216.0,34,15,19,0.441,33,16,17,0.485,9,6,11,5
2018-12-30,1610612748,1610612750,2018,104.0,113.0,217.0,34,17,17,0.5,35,16,19,0.457,8,9,12,4
2018-12-30,1610612761,1610612741,2018,95.0,89.0,184.0,37,26,11,0.703,36,10,26,0.278,13,13,5,5
2018-12-30,1610612742,1610612760,2018,105.0,103.0,208.0,34,16,18,0.47100000000000003,34,22,12,0.647,14,2,12,10
2018-12-30,1610612757,1610612755,2018,129.0,95.0,224.0,36,20,16,0.556,36,23,13,0.639,13,7,16,7
2018-12-30,1610612747,1610612758,2018,121.0,114.0,235.0,36,20,16,0.556,35,19,16,0.5429999999999999,12,8,10,9
2018-12-29,1610612749,1610612751,2018,129.0,115.0,244.0,34,24,10,0.706,37,17,20,0.45899999999999996,15,9,9,8
2018-12-29,1610612740,1610612745,2018,104.0,108.0,212.0,36,16,20,0.444,34,19,15,0.5589999999999999,12,4,12,7
2018-12-29,1610612764,1610612766,2018,130.0,126.0,256.0,36,13,23,0.361,34,17,17,0.5,9,4,13,4
2018-12-29,1610612737,1610612739,2018,111.0,108.0,219.0,34,10,24,0.294,36,8,28,0.222,5,5,5,3
2018-12-29,1610612763,1610612738,2018,103.0,112.0,215.0,34,18,16,0.529,34,20,14,0.588,10,8,11,9
2018-12-29,1610612762,1610612752,2018,129.0,97.0,226.0,36,17,19,0.47200000000000003,36,9,27,0.25,7,10,4,5
2018-12-29,1610612756,1610612743,2018,118.0,122.0,240.0,36,9,27,0.25,33,22,11,0.667,5,4,14,8
2018-12-29,1610612757,1610612744,2018,105.0,115.0,220.0,35,20,15,0.5710000000000001,36,23,13,0.639,13,7,15,8
2018-12-29,1610612746,1610612759,2018,111.0,122.0,233.0,35,21,14,0.6,36,19,17,0.528,12,9,14,5
2018-12-28,1610612766,1610612751,2018,100.0,87.0,187.0,33,16,17,0.485,36,17,19,0.47200000000000003,12,4,9,8
2018-12-28,1610612754,1610612765,2018,125.0,88.0,213.0,35,23,12,0.657,32,16,16,0.5,12,11,11,5
2018-12-28,1610612753,1610612761,2018,116.0,87.0,203.0,33,14,19,0.424,36,26,10,0.722,8,6,13,13
2018-12-28,1610612764,1610612741,2018,92.0,101.0,193.0,35,13,22,0.371,35,9,26,0.257,9,4,5,4
2018-12-28,1610612748,1610612739,2018,118.0,94.0,212.0,33,16,17,0.485,35,8,27,0.22899999999999998,7,9,5,3
2018-12-28,1610612750,1610612737,2018,120.0,123.0,243.0,34,16,18,0.47100000000000003,33,9,24,0.273,12,4,5,4
2018-12-28,1610612740,1610612742,2018,114.0,112.0,226.0,35,15,20,0.429,33,16,17,0.485,11,4,14,2
2018-12-28,1610612743,1610612759,2018,102.0,99.0,201.0,32,21,11,0.6559999999999999,35,19,16,0.5429999999999999,13,8,14,5
2018-12-28,1610612756,1610612760,2018,102.0,118.0,220.0,35,9,26,0.257,33,21,12,0.636,5,4,12,9
2018-12-28,1610612747,1610612746,2018,107.0,118.0,225.0,35,20,15,0.5710000000000001,34,20,14,0.588,12,8,12,8
2018-12-27,1610612745,1610612738,2018,127.0,113.0,240.0,33,18,15,0.545,33,20,13,0.606,11,7,11,9
2018-12-27,1610612749,1610612752,2018,112.0,96.0,208.0,33,23,10,0.6970000000000001,35,9,26,0.257,14,9,4,5
2018-12-27,1610612758,1610612747,2018,117.0,116.0,233.0,34,18,16,0.529,34,20,14,0.588,9,9,12,8
2018-12-27,1610612762,1610612755,2018,97.0,114.0,211.0,35,17,18,0.486,35,22,13,0.629,7,10,16,6
2018-12-27,1610612744,1610612757,2018,109.0,110.0,219.0,35,23,12,0.657,34,19,15,0.5589999999999999,15,8,13,6
2018-12-26,1610612765,1610612764,2018,106.0,95.0,201.0,31,15,16,0.484,34,13,21,0.382,10,5,9,4
2018-12-26,1610612753,1610612756,2018,120.0,122.0,242.0,32,14,18,0.43799999999999994,34,8,26,0.235,8,6,5,3
2018-12-26,1610612737,1610612754,2018,121.0,129.0,250.0,32,9,23,0.281,34,22,12,0.647,5,4,12,10
2018-12-26,1610612751,1610612766,2018,134.0,132.0,266.0,35,16,19,0.457,32,16,16,0.5,8,8,12,4
2018-12-26,1610612748,1610612761,2018,104.0,106.0,210.0,32,16,16,0.5,35,25,10,0.7140000000000001,7,9,13,12
2018-12-26,1610612741,1610612750,2018,94.0,119.0,213.0,34,9,25,0.265,33,15,18,0.455,5,4,12,3
2018-12-26,1610612763,1610612739,2018,95.0,87.0,182.0,33,17,16,0.515,34,8,26,0.235,9,8,5,3
2018-12-26,1610612742,1610612740,2018,122.0,119.0,241.0,32,15,17,0.469,34,15,19,0.441,13,2,11,4
2018-12-26,1610612759,1610612743,2018,111.0,103.0,214.0,34,18,16,0.529,31,21,10,0.677,13,5,13,8
2018-12-26,1610612746,1610612758,2018,127.0,118.0,245.0,33,19,14,0.5760000000000001,33,18,15,0.545,11,8,9,9
2018-12-25,1610612752,1610612749,2018,95.0,109.0,204.0,34,9,25,0.265,32,22,10,0.688,4,5,14,8
2018-12-25,1610612745,1610612760,2018,113.0,109.0,222.0,32,17,15,0.531,32,21,11,0.6559999999999999,10,7,12,9
2018-12-25,1610612738,1610612755,2018,121.0,114.0,235.0,32,19,13,0.594,34,22,12,0.647,10,9,16,6
2018-12-25,1610612744,1610612747,2018,101.0,127.0,228.0,34,23,11,0.6759999999999999,33,19,14,0.5760000000000001,15,8,12,7
2018-12-25,1610612762,1610612757,2018,117.0,96.0,213.0,34,16,18,0.47100000000000003,33,19,14,0.5760000000000001,6,10,13,6
2018-12-23,1610612765,1610612737,2018,95.0,98.0,193.0,30,15,15,0.5,31,8,23,0.258,10,5,5,3
2018-12-23,1610612754,1610612764,2018,105.0,89.0,194.0,33,21,12,0.636,33,13,20,0.39399999999999996,11,10,9,4
2018-12-23,1610612738,1610612766,2018,119.0,103.0,222.0,31,18,13,0.581,31,16,15,0.516,9,9,12,4
2018-12-23,1610612751,1610612756,2018,111.0,103.0,214.0,34,15,19,0.441,33,8,25,0.242,7,8,5,3
2018-12-23,1610612739,1610612741,2018,92.0,112.0,204.0,33,8,25,0.242,33,8,25,0.242,5,3,5,3
2018-12-23,1610612753,1610612748,2018,91.0,115.0,206.0,31,14,17,0.452,31,15,16,0.484,8,6,7,8
2018-12-23,1610612758,1610612740,2018,122.0,117.0,239.0,32,17,15,0.531,33,15,18,0.455,8,9,11,4
2018-12-23,1610612760,1610612750,2018,112.0,114.0,226.0,31,21,10,0.677,32,14,18,0.43799999999999994,12,9,12,2
2018-12-23,1610612744,1610612746,2018,129.0,127.0,256.0,33,22,11,0.667,32,19,13,0.594,14,8,11,8
2018-12-23,1610612757,1610612742,2018,121.0,118.0,239.0,32,18,14,0.563,31,15,16,0.484,12,6,13,2
2018-12-23,1610612747,1610612763,2018,99.0,107.0,206.0,32,19,13,0.594,32,16,16,0.5,12,7,9,7
2018-12-22,1610612746,1610612743,2018,132.0,111.0,243.0,31,18,13,0.581,30,21,9,0.7,10,8,13,8
2018-12-22,1610612764,1610612756,2018,149.0,146.0,295.0,32,12,20,0.375,32,8,24,0.25,8,4,5,3
2018-12-22,1610612755,1610612761,2018,126.0,101.0,227.0,33,21,12,0.636,34,25,9,0.735,15,6,13,12
2018-12-22,1610612748,1610612749,2018,94.0,87.0,181.0,30,14,16,0.467,31,22,9,0.71,6,8,14,8
2018-12-22,1610612745,1610612759,2018,108.0,101.0,209.0,31,16,15,0.516,33,18,15,0.545,9,7,13,5
2018-12-22,1610612744,1610612742,2018,120.0,116.0,236.0,32,21,11,0.6559999999999999,30,15,15,0.5,13,8,13,2
2018-12-22,1610612762,1610612760,2018,106.0,107.0,213.0,33,16,17,0.485,30,20,10,0.667,6,10,12,8
2018-12-21,1610612766,1610612765,2018,98.0,86.0,184.0,30,15,15,0.5,29,15,14,0.517,11,4,10,5
2018-12-21,1610612761,1610612739,2018,126.0,110.0,236.0,33,24,9,0.727,32,8,24,0.25,12,12,5,3
2018-12-21,1610612751,1610612754,2018,106.0,114.0,220.0,33,15,18,0.455,32,20,12,0.625,7,8,11,9
2018-12-21,1610612752,1610612737,2018,107.0,114.0,221.0,33,9,24,0.273,30,7,23,0.233,4,5,5,2
2018-12-21,1610612738,1610612749,2018,107.0,120.0,227.0,30,18,12,0.6,30,21,9,0.7,9,9,14,7
2018-12-21,1610612741,1610612753,2018,90.0,80.0,170.0,32,7,25,0.21899999999999997,30,14,16,0.467,4,3,8,6
2018-12-21,1610612759,1610612750,2018,124.0,98.0,222.0,32,17,15,0.531,31,14,17,0.452,12,5,12,2
2018-12-21,1610612757,1610612762,2018,90.0,120.0,210.0,31,18,13,0.581,32,15,17,0.469,12,6,6,9
2018-12-21,1610612758,1610612763,2018,102.0,99.0,201.0,31,16,15,0.516,31,16,15,0.516,7,9,9,7
2018-12-21,1610612747,1610612740,2018,112.0,104.0,216.0,31,18,13,0.581,32,15,17,0.469,11,7,11,4
2018-12-20,1610612748,1610612745,2018,101.0,99.0,200.0,29,13,16,0.44799999999999995,30,16,14,0.5329999999999999,5,8,9,7
2018-12-20,1610612746,1610612742,2018,125.0,121.0,246.0,30,17,13,0.5670000000000001,29,15,14,0.517,9,8,13,2
2018-12-19,1610612766,1610612739,2018,110.0,99.0,209.0,29,14,15,0.483,31,8,23,0.258,10,4,5,3
2018-12-19,1610612753,1610612759,2018,90.0,129.0,219.0,29,14,15,0.483,31,16,15,0.516,8,6,12,4
2018-12-19,1610612755,1610612752,2018,131.0,109.0,240.0,32,20,12,0.625,32,9,23,0.281,14,6,4,5
2018-12-19,1610612738,1610612756,2018,103.0,111.0,214.0,29,18,11,0.621,31,7,24,0.226,9,9,5,2
2018-12-19,1610612761,1610612754,2018,99.0,96.0,195.0,32,23,9,0.7190000000000001,31,20,11,0.645,11,12,11,9
2018-12-19,1610612741,1610612751,2018,93.0,96.0,189.0,31,7,24,0.226,32,14,18,0.43799999999999994,4,3,7,7
2018-12-19,1610612745,1610612764,2018,136.0,118.0,254.0,29,15,14,0.517,31,12,19,0.387,8,7,8,4
2018-12-19,1610612749,1610612740,2018,123.0,115.0,238.0,29,20,9,0.69,31,15,16,0.484,13,7,11,4
2018-12-19,1610612750,1610612765,2018,123.0,129.0,252.0,30,14,16,0.467,28,14,14,0.5,12,2,10,4
2018-12-19,1610612762,1610612744,2018,108.0,103.0,211.0,31,14,17,0.452,31,21,10,0.677,5,9,13,8
2018-12-19,1610612757,1610612763,2018,99.0,92.0,191.0,30,17,13,0.5670000000000001,30,16,14,0.5329999999999999,11,6,9,7
2018-12-19,1610612758,1610612760,2018,113.0,132.0,245.0,30,16,14,0.5329999999999999,29,19,10,0.655,7,9,12,7
2018-12-18,1610612754,1610612739,2018,91.0,92.0,183.0,30,20,10,0.667,30,7,23,0.233,11,9,5,2
2018-12-18,1610612737,1610612764,2018,118.0,110.0,228.0,29,6,23,0.207,30,12,18,0.4,4,2,8,4
2018-12-18,1610612751,1610612747,2018,115.0,110.0,225.0,31,13,18,0.419,30,18,12,0.6,6,7,11,7
2018-12-18,1610612743,1610612742,2018,126.0,118.0,244.0,29,20,9,0.69,28,15,13,0.536,12,8,13,2
2018-12-17,1610612765,1610612749,2018,104.0,107.0,211.0,27,14,13,0.519,28,19,9,0.679,10,4,13,6
2018-12-17,1610612752,1610612756,2018,110.0,128.0,238.0,31,9,22,0.29,30,6,24,0.2,4,5,5,1
2018-12-17,1610612745,1610612762,2018,102.0,97.0,199.0,28,14,14,0.5,30,14,16,0.467,7,7,5,9
2018-12-17,1610612750,1610612758,2018,132.0,105.0,237.0,29,13,16,0.44799999999999995,29,16,13,0.552,11,2,7,9
2018-12-17,1610612760,1610612741,2018,121.0,96.0,217.0,28,18,10,0.643,30,7,23,0.233,11,7,4,3
2018-12-17,1610612759,1610612755,2018,123.0,96.0,219.0,30,15,15,0.5,31,20,11,0.645,11,4,14,6
2018-12-17,1610612744,1610612763,2018,110.0,93.0,203.0,30,20,10,0.667,29,16,13,0.552,12,8,9,7
2018-12-17,1610612746,1610612757,2018,127.0,131.0,258.0,29,17,12,0.586,29,16,13,0.552,9,8,11,5
2018-12-16,1610612751,1610612737,2018,144.0,127.0,271.0,30,12,18,0.4,28,6,22,0.214,5,7,4,2
2018-12-16,1610612739,1610612755,2018,105.0,128.0,233.0,29,7,22,0.24100000000000002,30,19,11,0.633,5,2,14,5
2018-12-16,1610612754,1610612752,2018,110.0,99.0,209.0,29,19,10,0.655,30,9,21,0.3,10,9,4,5
2018-12-16,1610612764,1610612747,2018,128.0,110.0,238.0,29,11,18,0.379,29,18,11,0.621,7,4,11,7
2018-12-16,1610612742,1610612758,2018,113.0,120.0,233.0,27,15,12,0.556,28,15,13,0.536,13,2,7,8
2018-12-16,1610612740,1610612748,2018,96.0,102.0,198.0,30,15,15,0.5,28,12,16,0.429,11,4,5,7
2018-12-16,1610612743,1610612761,2018,95.0,86.0,181.0,28,19,9,0.679,31,23,8,0.742,11,8,11,12
2018-12-15,1610612753,1610612762,2018,96.0,89.0,185.0,28,13,15,0.46399999999999997,29,14,15,0.483,7,6,5,9
2018-12-15,1610612766,1610612747,2018,100.0,128.0,228.0,28,14,14,0.5,28,17,11,0.607,10,4,11,6
2018-12-15,1610612765,1610612738,2018,113.0,104.0,217.0,26,13,13,0.5,28,18,10,0.643,9,4,9,9
2018-12-15,1610612763,1610612745,2018,97.0,105.0,202.0,28,16,12,0.5710000000000001,27,13,14,0.48100000000000004,9,7,7,6
2018-12-15,1610612759,1610612741,2018,93.0,98.0,191.0,29,15,14,0.517,29,6,23,0.207,11,4,4,2
2018-12-15,1610612760,1610612746,2018,110.0,104.0,214.0,27,17,10,0.63,28,17,11,0.607,10,7,9,8
2018-12-15,1610612756,1610612750,2018,107.0,99.0,206.0,29,5,24,0.172,28,13,15,0.46399999999999997,4,1,11,2
2018-12-14,1610612738,1610612737,2018,129.0,108.0,237.0,27,17,10,0.63,27,6,21,0.222,8,9,4,2
2018-12-14,1610612766,1610612752,2018,124.0,126.0,250.0,27,14,13,0.519,29,8,21,0.276,10,4,4,4
2018-12-14,1610612751,1610612764,2018,125.0,118.0,243.0,29,11,18,0.379,28,11,17,0.39299999999999996,4,7,7,4
2018-12-14,1610612739,1610612749,2018,102.0,114.0,216.0,28,7,21,0.25,27,18,9,0.667,5,2,13,5
2018-12-14,1610612755,1610612754,2018,101.0,113.0,214.0,29,19,10,0.655,28,18,10,0.643,14,5,10,8
2018-12-14,1610612763,1610612748,2018,97.0,100.0,197.0,27,16,11,0.593,27,11,16,0.40700000000000003,9,7,5,6
2018-12-14,1610612743,1610612760,2018,109.0,98.0,207.0,27,18,9,0.667,26,17,9,0.654,10,8,10,7
2018-12-14,1610612757,1610612761,2018,128.0,122.0,250.0,28,15,13,0.536,30,23,7,0.767,10,5,11,12
2018-12-14,1610612758,1610612744,2018,125.0,130.0,255.0,27,15,12,0.556,29,19,10,0.655,7,8,12,7
2018-12-13,1610612745,1610612747,2018,126.0,111.0,237.0,26,12,14,0.462,27,17,10,0.63,6,6,11,6
2018-12-13,1610612759,1610612746,2018,125.0,87.0,212.0,28,14,14,0.5,27,17,10,0.63,10,4,9,8
2018-12-13,1610612753,1610612741,2018,97.0,91.0,188.0,27,12,15,0.444,28,6,22,0.214,6,6,4,2
2018-12-13,1610612756,1610612742,2018,99.0,89.0,188.0,28,4,24,0.14300000000000002,26,15,11,0.5770000000000001,3,1,13,2
2018-12-12,1610612766,1610612765,2018,108.0,107.0,215.0,26,13,13,0.5,25,13,12,0.52,9,4,9,4
2018-12-12,1610612739,1610612752,2018,113.0,106.0,219.0,27,6,21,0.222,28,8,20,0.28600000000000003,4,2,4,4
2018-12-12,1610612754,1610612749,2018,113.0,97.0,210.0,27,17,10,0.63,26,18,8,0.6920000000000001,9,8,13,5
2018-12-12,1610612755,1610612751,2018,124.0,127.0,251.0,28,19,9,0.679,28,10,18,0.35700000000000004,14,5,4,6
2018-12-12,1610612764,1610612738,2018,125.0,130.0,255.0,27,11,16,0.40700000000000003,26,16,10,0.615,7,4,8,8
2018-12-12,1610612763,1610612757,2018,92.0,83.0,175.0,26,15,11,0.5770000000000001,27,15,12,0.556,8,7,10,5
2018-12-12,1610612740,1610612760,2018,118.0,114.0,232.0,29,14,15,0.483,25,17,8,0.68,10,4,10,7
2018-12-12,1610612742,1610612737,2018,114.0,107.0,221.0,25,14,11,0.56,26,6,20,0.231,12,2,4,2
2018-12-12,1610612762,1610612748,2018,111.0,84.0,195.0,28,13,15,0.46399999999999997,26,11,15,0.423,4,9,5,6
2018-12-12,1610612758,1610612750,2018,141.0,130.0,271.0,26,14,12,0.5379999999999999,27,13,14,0.48100000000000004,6,8,11,2
2018-12-12,1610612744,1610612761,2018,93.0,113.0,206.0,28,19,9,0.679,29,22,7,0.759,12,7,11,11
2018-12-11,1610612745,1610612757,2018,111.0,104.0,215.0,25,11,14,0.44,26,15,11,0.5770000000000001,5,6,10,5
2018-12-11,1610612759,1610612756,2018,111.0,86.0,197.0,27,13,14,0.48100000000000004,27,4,23,0.14800000000000002,9,4,3,1
2018-12-11,1610612746,1610612761,2018,99.0,123.0,222.0,26,17,9,0.654,28,21,7,0.75,9,8,11,10
2018-12-10,1610612754,1610612764,2018,109.0,101.0,210.0,26,16,10,0.615,26,11,15,0.423,8,8,7,4
2018-12-10,1610612755,1610612765,2018,116.0,102.0,218.0,27,18,9,0.667,24,13,11,0.542,13,5,9,4
2018-12-10,1610612738,1610612740,2018,113.0,100.0,213.0,25,15,10,0.6,28,14,14,0.5,7,8,10,4
2018-12-10,1610612741,1610612758,2018,89.0,108.0,197.0,27,6,21,0.222,25,13,12,0.52,4,2,6,7
2018-12-10,1610612749,1610612739,2018,108.0,92.0,200.0,25,17,8,0.68,26,6,20,0.231,12,5,4,2
2018-12-10,1610612760,1610612762,2018,122.0,113.0,235.0,24,16,8,0.667,27,13,14,0.48100000000000004,9,7,4,9
2018-12-10,1610612742,1610612753,2018,101.0,76.0,177.0,24,13,11,0.542,26,12,14,0.462,11,2,6,6
2018-12-10,1610612743,1610612763,2018,105.0,99.0,204.0,26,17,9,0.654,25,15,10,0.6,9,8,8,7
2018-12-10,1610612756,1610612746,2018,119.0,123.0,242.0,26,4,22,0.154,25,16,9,0.64,3,1,9,7
2018-12-10,1610612744,1610612750,2018,116.0,108.0,224.0,27,18,9,0.667,26,13,13,0.5,11,7,11,2
2018-12-10,1610612747,1610612748,2018,108.0,105.0,213.0,26,16,10,0.615,25,11,14,0.44,10,6,5,6
2018-12-09,1610612765,1610612740,2018,108.0,116.0,224.0,23,13,10,0.565,27,13,14,0.48100000000000004,9,4,10,3
2018-12-09,1610612761,1610612749,2018,99.0,104.0,203.0,27,21,6,0.778,24,16,8,0.667,11,10,12,4
2018-12-09,1610612759,1610612762,2018,110.0,97.0,207.0,26,12,14,0.462,26,13,13,0.5,8,4,4,9
2018-12-09,1610612752,1610612766,2018,107.0,119.0,226.0,27,8,19,0.29600000000000004,25,12,13,0.48,4,4,9,3
2018-12-08,1610612742,1610612745,2018,107.0,104.0,211.0,23,12,11,0.522,24,11,13,0.45799999999999996,10,2,5,6
2018-12-08,1610612754,1610612758,2018,107.0,97.0,204.0,25,15,10,0.6,24,13,11,0.542,7,8,6,7
2018-12-08,1610612737,1610612743,2018,106.0,98.0,204.0,25,5,20,0.2,25,17,8,0.68,3,2,9,8
2018-12-08,1610612739,1610612764,2018,116.0,101.0,217.0,25,5,20,0.2,25,11,14,0.44,3,2,7,4
2018-12-08,1610612752,1610612751,2018,104.0,112.0,216.0,26,8,18,0.308,27,9,18,0.33299999999999996,4,4,4,5
2018-12-08,1610612741,1610612738,2018,77.0,133.0,210.0,26,6,20,0.231,24,14,10,0.583,4,2,7,7
2018-12-08,1610612763,1610612747,2018,88.0,111.0,199.0,24,15,9,0.625,25,15,10,0.6,8,7,10,5
2018-12-08,1610612757,1610612750,2018,113.0,105.0,218.0,25,14,11,0.56,25,13,12,0.52,9,5,11,2
2018-12-08,1610612746,1610612748,2018,98.0,121.0,219.0,24,16,8,0.667,24,10,14,0.41700000000000004,9,7,5,5
2018-12-07,1610612766,1610612743,2018,113.0,107.0,220.0,24,11,13,0.45799999999999996,24,17,7,0.708,8,3,9,8
2018-12-07,1610612765,1610612755,2018,111.0,117.0,228.0,22,13,9,0.591,26,17,9,0.654,9,4,13,4
2018-12-07,1610612753,1610612754,2018,90.0,112.0,202.0,25,12,13,0.48,24,14,10,0.583,6,6,7,7
2018-12-07,1610612751,1610612761,2018,106.0,105.0,211.0,26,8,18,0.308,26,21,5,0.8079999999999999,3,5,11,10
2018-12-07,1610612739,1610612758,2018,110.0,129.0,239.0,24,5,19,0.20800000000000002,23,12,11,0.522,3,2,6,6
2018-12-07,1610612741,1610612760,2018,114.0,112.0,226.0,25,5,20,0.2,23,16,7,0.696,3,2,9,7
2018-12-07,1610612740,1610612763,2018,103.0,107.0,210.0,26,13,13,0.5,23,14,9,0.609,10,3,8,6
2018-12-07,1610612759,1610612747,2018,133.0,120.0,253.0,25,11,14,0.44,24,15,9,0.625,7,4,10,5
2018-12-07,1610612756,1610612748,2018,98.0,115.0,213.0,25,4,21,0.16,23,9,14,0.391,3,1,5,4
2018-12-07,1610612749,1610612744,2018,95.0,105.0,200.0,23,16,7,0.696,26,17,9,0.654,12,4,11,6
2018-12-06,1610612738,1610612752,2018,128.0,100.0,228.0,23,13,10,0.565,25,8,17,0.32,6,7,4,4
2018-12-06,1610612757,1610612756,2018,108.0,86.0,194.0,24,13,11,0.542,24,4,20,0.16699999999999998,8,5,3,1
2018-12-06,1610612762,1610612745,2018,118.0,91.0,209.0,25,12,13,0.48,23,11,12,0.478,3,9,5,6
2018-12-05,1610612739,1610612744,2018,105.0,129.0,234.0,23,5,18,0.217,25,16,9,0.64,3,2,11,5
2018-12-05,1610612753,1610612743,2018,118.0,124.0,242.0,24,12,12,0.5,23,16,7,0.696,6,6,9,7
2018-12-05,1610612737,1610612764,2018,117.0,131.0,248.0,24,5,19,0.20800000000000002,24,10,14,0.41700000000000004,3,2,7,3
2018-12-05,1610612751,1610612760,2018,112.0,114.0,226.0,25,8,17,0.32,22,15,7,0.682,3,5,9,6
2018-12-05,1610612761,1610612755,2018,113.0,102.0,215.0,25,20,5,0.8,25,17,8,0.68,10,10,13,4
2018-12-05,1610612763,1610612746,2018,96.0,86.0,182.0,22,13,9,0.591,23,16,7,0.696,7,6,9,7
2018-12-05,1610612749,1610612765,2018,115.0,92.0,207.0,22,15,7,0.682,21,13,8,0.619,11,4,9,4
2018-12-05,1610612750,1610612766,2018,121.0,104.0,225.0,24,12,12,0.5,23,11,12,0.478,10,2,8,3
2018-12-05,1610612740,1610612742,2018,132.0,106.0,238.0,25,12,13,0.48,22,12,10,0.545,9,3,10,2
2018-12-05,1610612747,1610612759,2018,121.0,113.0,234.0,23,14,9,0.609,24,11,13,0.45799999999999996,9,5,7,4
2018-12-04,1610612754,1610612741,2018,96.0,90.0,186.0,23,13,10,0.565,24,5,19,0.20800000000000002,6,7,3,2
2018-12-04,1610612748,1610612753,2018,90.0,105.0,195.0,22,9,13,0.409,23,11,12,0.478,5,4,6,5
2018-12-04,1610612742,1610612757,2018,111.0,102.0,213.0,21,11,10,0.524,23,13,10,0.565,9,2,8,5
2018-12-04,1610612756,1610612758,2018,105.0,122.0,227.0,23,4,19,0.174,22,11,11,0.5,3,1,6,5
2018-12-04,1610612762,1610612759,2018,139.0,105.0,244.0,24,11,13,0.45799999999999996,23,11,12,0.478,2,9,7,4
2018-12-03,1610612765,1610612760,2018,83.0,110.0,193.0,20,13,7,0.65,21,14,7,0.667,9,4,9,5
2018-12-03,1610612737,1610612744,2018,111.0,128.0,239.0,23,5,18,0.217,24,15,9,0.625,3,2,11,4
2018-12-03,1610612751,1610612739,2018,97.0,99.0,196.0,24,8,16,0.33299999999999996,22,4,18,0.182,3,5,3,1
2018-12-03,1610612752,1610612764,2018,107.0,110.0,217.0,24,8,16,0.33299999999999996,23,9,14,0.391,4,4,7,2
2018-12-03,1610612761,1610612743,2018,103.0,106.0,209.0,24,20,4,0.833,22,15,7,0.682,10,10,9,6
2018-12-03,1610612750,1610612745,2018,103.0,91.0,194.0,23,11,12,0.478,22,11,11,0.5,9,2,5,6
2018-12-03,1610612740,1610612746,2018,126.0,129.0,255.0,24,12,12,0.5,22,15,7,0.682,9,3,9,6
2018-12-02,1610612747,1610612756,2018,120.0,96.0,216.0,22,13,9,0.591,22,4,18,0.182,8,5,3,1
2018-12-02,1610612766,1610612740,2018,109.0,119.0,228.0,22,11,11,0.5,23,11,12,0.478,8,3,9,2
2018-12-02,1610612748,1610612762,2018,102.0,100.0,202.0,21,8,13,0.381,23,11,12,0.478,4,4,2,9
2018-12-02,1610612755,1610612763,2018,103.0,95.0,198.0,24,16,8,0.667,21,13,8,0.619,12,4,7,6
2018-12-02,1610612742,1610612746,2018,114.0,110.0,224.0,20,10,10,0.5,21,15,6,0.7140000000000001,8,2,9,6
2018-12-02,1610612759,1610612757,2018,131.0,118.0,249.0,22,10,12,0.455,22,13,9,0.591,6,4,8,5
2018-12-01,1610612752,1610612749,2018,136.0,134.0,270.0,23,7,16,0.304,21,15,6,0.7140000000000001,3,4,11,4
2018-12-01,1610612765,1610612744,2018,111.0,102.0,213.0,19,12,7,0.632,23,15,8,0.652,8,4,11,4
2018-12-01,1610612764,1610612751,2018,102.0,88.0,190.0,22,8,14,0.364,23,8,15,0.348,6,2,3,5
2018-12-01,1610612739,1610612761,2018,95.0,106.0,201.0,21,4,17,0.19,23,19,4,0.826,3,1,10,9
2018-12-01,1610612745,1610612741,2018,121.0,105.0,226.0,21,10,11,0.47600000000000003,23,5,18,0.217,4,6,3,2
2018-12-01,1610612750,1610612738,2018,109.0,118.0,227.0,22,11,11,0.5,22,12,10,0.545,9,2,6,6
2018-12-01,1610612758,1610612754,2018,111.0,110.0,221.0,21,10,11,0.47600000000000003,22,13,9,0.591,5,5,6,7
2018-11-30,1610612738,1610612739,2018,128.0,95.0,223.0,21,11,10,0.524,20,4,16,0.2,5,6,3,1
2018-11-30,1610612766,1610612762,2018,111.0,119.0,230.0,21,11,10,0.524,22,10,12,0.455,8,3,2,8
2018-11-30,1610612765,1610612741,2018,107.0,88.0,195.0,18,11,7,0.611,22,5,17,0.22699999999999998,7,4,3,2
2018-11-30,1610612755,1610612764,2018,123.0,98.0,221.0,23,15,8,0.652,21,8,13,0.381,11,4,6,2
2018-11-30,1610612751,1610612763,2018,125.0,131.0,256.0,22,8,14,0.364,20,12,8,0.6,3,5,7,5
2018-11-30,1610612748,1610612740,2018,106.0,101.0,207.0,20,7,13,0.35,22,11,11,0.5,3,4,9,2
2018-11-30,1610612760,1610612737,2018,124.0,109.0,233.0,20,13,7,0.65,22,5,17,0.22699999999999998,8,5,3,2
2018-11-30,1610612759,1610612745,2018,105.0,136.0,241.0,21,10,11,0.47600000000000003,20,9,11,0.45,6,4,4,5
2018-11-30,1610612756,1610612753,2018,85.0,99.0,184.0,21,4,17,0.19,22,10,12,0.455,3,1,6,4
2018-11-30,1610612747,1610612742,2018,114.0,103.0,217.0,21,12,9,0.5710000000000001,19,10,9,0.526,7,5,8,2
2018-11-30,1610612757,1610612743,2018,112.0,113.0,225.0,21,13,8,0.619,21,14,7,0.667,8,5,9,5
2018-11-29,1610612761,1610612744,2018,131.0,128.0,259.0,22,18,4,0.818,22,15,7,0.682,9,9,11,4
2018-11-29,1610612747,1610612754,2018,104.0,96.0,200.0,20,11,9,0.55,21,13,8,0.619,6,5,6,7
2018-11-29,1610612758,1610612746,2018,121.0,133.0,254.0,20,10,10,0.5,20,14,6,0.7,5,5,9,5
2018-11-28,1610612766,1610612737,2018,108.0,94.0,202.0,20,10,10,0.5,21,5,16,0.23800000000000002,7,3,3,2
2018-11-28,1610612755,1610612752,2018,117.0,91.0,208.0,22,14,8,0.636,22,7,15,0.318,10,4,3,4
2018-11-28,1610612751,1610612762,2018,91.0,101.0,192.0,21,8,13,0.381,21,9,12,0.429,3,5,2,7
2018-11-28,1610612745,1610612742,2018,108.0,128.0,236.0,19,9,10,0.474,18,9,9,0.5,4,5,8,1
2018-11-28,1610612749,1610612741,2018,116.0,113.0,229.0,20,14,6,0.7,21,5,16,0.23800000000000002,10,4,3,2
2018-11-28,1610612750,1610612759,2018,128.0,89.0,217.0,21,10,11,0.47600000000000003,20,10,10,0.5,8,2,6,4
2018-11-28,1610612740,1610612764,2018,125.0,104.0,229.0,21,10,11,0.47600000000000003,20,8,12,0.4,8,2,6,2
2018-11-28,1610612760,1610612739,2018,100.0,83.0,183.0,19,12,7,0.632,19,4,15,0.21100000000000002,7,5,3,1
2018-11-28,1610612757,1610612753,2018,115.0,112.0,227.0,20,12,8,0.6,21,10,11,0.47600000000000003,7,5,6,4
2018-11-28,1610612746,1610612756,2018,115.0,99.0,214.0,19,13,6,0.684,20,4,16,0.2,8,5,3,1
2018-11-27,1610612765,1610612752,2018,115.0,108.0,223.0,17,10,7,0.588,21,7,14,0.33299999999999996,6,4,3,4
2018-11-27,1610612748,1610612737,2018,113.0,115.0,228.0,19,7,12,0.368,20,4,16,0.2,3,4,3,1
2018-11-27,1610612763,1610612761,2018,114.0,122.0,236.0,19,12,7,0.632,21,17,4,0.81,7,5,9,8
2018-11-27,1610612743,1610612747,2018,117.0,85.0,202.0,20,13,7,0.65,19,11,8,0.579,8,5,6,5
2018-11-27,1610612756,1610612754,2018,104.0,109.0,213.0,19,4,15,0.21100000000000002,20,12,8,0.6,3,1,6,6
2018-11-26,1610612766,1610612749,2018,110.0,107.0,217.0,19,9,10,0.474,19,14,5,0.737,6,3,10,4
2018-11-26,1610612739,1610612750,2018,95.0,102.0,197.0,18,4,14,0.222,20,9,11,0.45,3,1,8,1
2018-11-26,1610612764,1610612745,2018,135.0,131.0,266.0,19,7,12,0.368,18,9,9,0.5,5,2,4,5
2018-11-26,1610612741,1610612759,2018,107.0,108.0,215.0,20,5,15,0.25,19,9,10,0.474,3,2,6,3
2018-11-26,1610612740,1610612738,2018,107.0,124.0,231.0,20,10,10,0.5,20,10,10,0.5,8,2,5,5
2018-11-26,1610612762,1610612754,2018,88.0,121.0,209.0,20,9,11,0.45,19,11,8,0.579,2,7,6,5
2018-11-26,1610612744,1610612753,2018,116.0,110.0,226.0,21,14,7,0.667,20,10,10,0.5,10,4,6,4
2018-11-25,1610612747,1610612753,2018,104.0,108.0,212.0,18,11,7,0.611,19,9,10,0.474,6,5,6,3
2018-11-25,1610612765,1610612756,2018,118.0,107.0,225.0,16,9,7,0.563,18,4,14,0.222,5,4,3,1
2018-11-25,1610612737,1610612766,2018,124.0,123.0,247.0,19,3,16,0.158,18,9,9,0.5,2,1,6,3
2018-11-25,1610612751,1610612755,2018,125.0,127.0,252.0,20,8,12,0.4,21,13,8,0.619,3,5,10,3
2018-11-25,1610612761,1610612748,2018,125.0,115.0,240.0,20,16,4,0.8,18,7,11,0.389,8,8,3,4
2018-11-25,1610612763,1610612752,2018,98.0,103.0,201.0,18,12,6,0.667,20,6,14,0.3,7,5,3,3
2018-11-25,1610612758,1610612762,2018,112.0,133.0,245.0,19,10,9,0.526,19,8,11,0.42100000000000004,5,5,2,6
2018-11-25,1610612757,1610612746,2018,100.0,104.0,204.0,19,12,7,0.632,18,12,6,0.667,7,5,8,4
2018-11-24,1610612739,1610612745,2018,117.0,108.0,225.0,17,3,14,0.17600000000000002,17,9,8,0.529,2,1,4,5
2018-11-24,1610612764,1610612740,2018,124.0,114.0,238.0,18,6,12,0.33299999999999996,19,10,9,0.526,4,2,8,2
2018-11-24,1610612750,1610612741,2018,111.0,96.0,207.0,19,8,11,0.42100000000000004,19,5,14,0.263,7,1,3,2
2018-11-24,1610612760,1610612743,2018,98.0,105.0,203.0,18,12,6,0.667,19,12,7,0.632,7,5,8,4
2018-11-24,1610612742,1610612738,2018,113.0,104.0,217.0,17,8,9,0.47100000000000003,19,10,9,0.526,7,1,5,5
2018-11-24,1610612749,1610612759,2018,135.0,129.0,264.0,18,13,5,0.722,18,9,9,0.5,9,4,6,3
2018-11-24,1610612744,1610612758,2018,117.0,116.0,233.0,20,13,7,0.65,18,10,8,0.556,9,4,5,5
2018-11-23,1610612751,1610612750,2018,102.0,112.0,214.0,19,8,11,0.42100000000000004,18,7,11,0.389,3,5,7,0
2018-11-23,1610612746,1610612763,2018,112.0,107.0,219.0,17,11,6,0.647,17,12,5,0.706,7,4,7,5
2018-11-23,1610612765,1610612745,2018,116.0,111.0,227.0,15,8,7,0.5329999999999999,16,9,7,0.563,4,4,4,5
2018-11-23,1610612737,1610612738,2018,96.0,114.0,210.0,18,3,15,0.16699999999999998,18,9,9,0.5,2,1,5,4
2018-11-23,1610612752,1610612740,2018,114.0,109.0,223.0,19,5,14,0.263,18,10,8,0.556,2,3,8,2
2018-11-23,1610612755,1610612739,2018,112.0,121.0,233.0,20,13,7,0.65,16,2,14,0.125,10,3,2,0
2018-11-23,1610612761,1610612764,2018,125.0,107.0,232.0,19,15,4,0.789,17,6,11,0.353,7,8,4,2
2018-11-23,1610612754,1610612759,2018,100.0,111.0,211.0,18,11,7,0.611,17,8,9,0.47100000000000003,6,5,6,2
2018-11-23,1610612741,1610612748,2018,96.0,103.0,199.0,18,5,13,0.278,17,6,11,0.353,3,2,3,3
2018-11-23,1610612760,1610612766,2018,109.0,104.0,213.0,17,11,6,0.647,17,9,8,0.529,6,5,6,3
2018-11-23,1610612749,1610612756,2018,114.0,116.0,230.0,17,13,4,0.765,17,3,14,0.17600000000000002,9,4,3,0
2018-11-23,1610612743,1610612753,2018,112.0,87.0,199.0,18,11,7,0.611,18,9,9,0.5,7,4,6,3
2018-11-23,1610612744,1610612757,2018,125.0,97.0,222.0,19,12,7,0.632,18,12,6,0.667,8,4,7,5
2018-11-23,1610612747,1610612762,2018,90.0,83.0,173.0,17,10,7,0.588,18,8,10,0.444,5,5,2,6
2018-11-21,1610612766,1610612754,2018,127.0,109.0,236.0,16,8,8,0.5,17,11,6,0.647,5,3,6,5
2018-11-21,1610612755,1610612740,2018,121.0,120.0,241.0,19,12,7,0.632,17,10,7,0.588,9,3,8,2
2018-11-21,1610612737,1610612761,2018,108.0,124.0,232.0,17,3,14,0.17600000000000002,18,14,4,0.778,2,1,7,7
2018-11-21,1610612738,1610612752,2018,109.0,117.0,226.0,17,9,8,0.529,18,4,14,0.222,5,4,2,2
2018-11-21,1610612739,1610612747,2018,105.0,109.0,214.0,15,2,13,0.133,16,9,7,0.563,2,0,5,4
2018-11-21,1610612741,1610612756,2018,124.0,116.0,240.0,17,4,13,0.235,16,3,13,0.188,2,2,3,0
2018-11-21,1610612745,1610612765,2018,126.0,124.0,250.0,15,8,7,0.5329999999999999,14,8,6,0.5710000000000001,3,5,4,4
2018-11-21,1610612749,1610612757,2018,143.0,100.0,243.0,16,12,4,0.75,17,12,5,0.706,8,4,7,5
2018-11-21,1610612750,1610612743,2018,101.0,103.0,204.0,17,7,10,0.41200000000000003,17,10,7,0.588,7,0,7,3
2018-11-21,1610612742,1610612751,2018,119.0,113.0,232.0,16,7,9,0.43799999999999994,18,8,10,0.444,6,1,3,5
2018-11-21,1610612759,1610612763,2018,103.0,104.0,207.0,16,8,8,0.5,16,11,5,0.688,6,2,7,4
2018-11-21,1610612762,1610612758,2018,110.0,119.0,229.0,17,8,9,0.47100000000000003,17,9,8,0.529,2,6,5,4
2018-11-21,1610612744,1610612760,2018,95.0,123.0,218.0,18,12,6,0.667,16,10,6,0.625,8,4,6,4
2018-11-20,1610612753,1610612761,2018,91.0,93.0,184.0,17,9,8,0.529,17,13,4,0.765,6,3,7,6
2018-11-20,1610612764,1610612746,2018,125.0,118.0,243.0,16,5,11,0.313,16,11,5,0.688,3,2,7,4
2018-11-20,1610612748,1610612751,2018,92.0,104.0,196.0,16,6,10,0.375,17,7,10,0.41200000000000003,3,3,3,4
2018-11-20,1610612752,1610612757,2018,114.0,118.0,232.0,17,4,13,0.235,16,11,5,0.688,2,2,7,4
2018-11-19,1610612766,1610612738,2018,117.0,112.0,229.0,15,7,8,0.467,16,9,7,0.563,4,3,5,4
2018-11-19,1610612765,1610612739,2018,113.0,102.0,215.0,13,7,6,0.5379999999999999,14,2,12,0.14300000000000002,3,4,2,0
2018-11-19,1610612754,1610612762,2018,121.0,94.0,215.0,16,10,6,0.625,16,8,8,0.5,5,5,2,6
2018-11-19,1610612755,1610612756,2018,119.0,114.0,233.0,18,11,7,0.611,15,3,12,0.2,8,3,3,0
2018-11-19,1610612737,1610612746,2018,119.0,127.0,246.0,16,3,13,0.188,15,10,5,0.667,2,1,7,3
2018-11-19,1610612763,1610612742,2018,98.0,88.0,186.0,15,10,5,0.667,15,7,8,0.467,6,4,6,1
2018-11-19,1610612749,1610612743,2018,104.0,98.0,202.0,15,11,4,0.733,16,10,6,0.625,7,4,7,3
2018-11-19,1610612740,1610612759,2018,140.0,126.0,266.0,16,9,7,0.563,15,8,7,0.5329999999999999,7,2,6,2
2018-11-19,1610612758,1610612760,2018,117.0,113.0,230.0,16,8,8,0.5,15,10,5,0.667,4,4,6,4
2018-11-18,1610612750,1610612763,2018,87.0,100.0,187.0,16,7,9,0.43799999999999994,14,9,5,0.643,7,0,6,3
2018-11-18,1610612748,1610612747,2018,97.0,113.0,210.0,15,6,9,0.4,15,8,7,0.5329999999999999,3,3,5,3
2018-11-18,1610612753,1610612752,2018,131.0,117.0,248.0,16,8,8,0.5,16,4,12,0.25,5,3,2,2
2018-11-18,1610612764,1610612757,2018,109.0,119.0,228.0,15,5,10,0.33299999999999996,15,10,5,0.667,3,2,7,3
2018-11-18,1610612759,1610612744,2018,104.0,92.0,196.0,14,7,7,0.5,17,12,5,0.706,5,2,8,4
2018-11-17,1610612751,1610612746,2018,119.0,127.0,246.0,16,7,9,0.43799999999999994,14,9,5,0.643,3,4,7,2
2018-11-17,1610612766,1610612755,2018,119.0,122.0,241.0,14,7,7,0.5,17,10,7,0.588,4,3,8,2
2018-11-17,1610612754,1610612737,2018,97.0,89.0,186.0,15,9,6,0.6,15,3,12,0.2,4,5,2,1
2018-11-17,1610612753,1610612747,2018,130.0,117.0,247.0,15,7,8,0.467,14,8,6,0.5710000000000001,4,3,5,3
2018-11-17,1610612740,1610612743,2018,125.0,115.0,240.0,15,8,7,0.5329999999999999,15,10,5,0.667,6,2,7,3
2018-11-17,1610612738,1610612762,2018,86.0,98.0,184.0,15,9,6,0.6,15,7,8,0.467,5,4,2,5
2018-11-17,1610612741,1610612761,2018,83.0,122.0,205.0,16,4,12,0.25,16,12,4,0.75,2,2,7,5
2018-11-17,1610612745,1610612758,2018,132.0,112.0,244.0,14,7,7,0.5,15,8,7,0.5329999999999999,2,5,4,4
2018-11-17,1610612742,1610612744,2018,112.0,109.0,221.0,14,6,8,0.429,16,12,4,0.75,5,1,8,4
2018-11-17,1610612756,1610612760,2018,100.0,110.0,210.0,14,3,11,0.214,14,9,5,0.643,3,0,6,3
2018-11-16,1610612738,1610612761,2018,123.0,116.0,239.0,14,8,6,0.5710000000000001,15,12,3,0.8,4,4,7,5
2018-11-16,1610612754,1610612748,2018,99.0,91.0,190.0,14,8,6,0.5710000000000001,14,6,8,0.429,3,5,3,3
2018-11-16,1610612755,1610612762,2018,113.0,107.0,220.0,16,9,7,0.563,14,7,7,0.5,7,2,2,5
2018-11-16,1610612764,1610612751,2018,104.0,115.0,219.0,14,5,9,0.35700000000000004,15,6,9,0.4,3,2,3,3
2018-11-16,1610612763,1610612758,2018,112.0,104.0,216.0,13,8,5,0.615,14,8,6,0.5710000000000001,5,3,4,4
2018-11-16,1610612750,1610612757,2018,112.0,96.0,208.0,15,6,9,0.4,14,10,4,0.7140000000000001,6,0,7,3
2018-11-16,1610612740,1610612752,2018,129.0,124.0,253.0,14,7,7,0.5,15,4,11,0.267,5,2,2,2
2018-11-16,1610612749,1610612741,2018,123.0,104.0,227.0,14,10,4,0.7140000000000001,15,4,11,0.267,6,4,2,2
2018-11-15,1610612745,1610612744,2018,107.0,86.0,193.0,13,6,7,0.462,15,12,3,0.8,1,5,8,4
2018-11-15,1610612743,1610612737,2018,138.0,93.0,231.0,14,9,5,0.643,14,3,11,0.214,6,3,2,1
2018-11-15,1610612746,1610612759,2018,116.0,111.0,227.0,13,8,5,0.615,13,7,6,0.5379999999999999,6,2,5,2
2018-11-14,1610612753,1610612755,2018,111.0,106.0,217.0,14,6,8,0.429,15,9,6,0.6,3,3,7,2
2018-11-14,1610612764,1610612739,2018,119.0,95.0,214.0,13,4,9,0.308,13,2,11,0.154,2,2,2,0
2018-11-14,1610612738,1610612741,2018,111.0,82.0,193.0,13,7,6,0.5379999999999999,14,4,10,0.28600000000000003,3,4,2,2
2018-11-14,1610612751,1610612748,2018,107.0,120.0,227.0,14,6,8,0.429,13,5,8,0.385,3,3,3,2
2018-11-14,1610612761,1610612765,2018,104.0,106.0,210.0,14,12,2,0.857,12,6,6,0.5,7,5,3,3
2018-11-14,1610612749,1610612763,2018,113.0,116.0,229.0,13,10,3,0.769,12,7,5,0.583,6,4,5,2
2018-11-14,1610612750,1610612740,2018,107.0,100.0,207.0,14,5,9,0.35700000000000004,13,7,6,0.5379999999999999,5,0,5,2
2018-11-14,1610612760,1610612752,2018,128.0,103.0,231.0,13,8,5,0.615,14,4,10,0.28600000000000003,5,3,2,2
2018-11-14,1610612742,1610612762,2018,118.0,68.0,186.0,13,5,8,0.385,13,7,6,0.5379999999999999,4,1,2,5
2018-11-14,1610612756,1610612759,2018,116.0,96.0,212.0,13,2,11,0.154,12,7,5,0.583,2,0,5,2
2018-11-14,1610612747,1610612757,2018,126.0,117.0,243.0,13,7,6,0.5379999999999999,13,10,3,0.769,4,3,7,3
2018-11-13,1610612739,1610612766,2018,113.0,89.0,202.0,12,1,11,0.083,13,7,6,0.5379999999999999,1,0,4,3
2018-11-13,1610612743,1610612745,2018,99.0,109.0,208.0,13,9,4,0.6920000000000001,12,5,7,0.41700000000000004,6,3,1,4
2018-11-13,1610612744,1610612737,2018,110.0,103.0,213.0,14,11,3,0.7859999999999999,13,3,10,0.231,7,4,2,1
2018-11-12,1610612764,1610612753,2018,117.0,109.0,226.0,12,3,9,0.25,13,6,7,0.462,1,2,3,3
2018-11-12,1610612748,1610612755,2018,114.0,124.0,238.0,12,5,7,0.41700000000000004,14,8,6,0.5710000000000001,3,2,7,1
2018-11-12,1610612761,1610612740,2018,110.0,126.0,236.0,13,12,1,0.9229999999999999,12,6,6,0.5,7,5,5,1
2018-11-12,1610612741,1610612742,2018,98.0,103.0,201.0,13,4,9,0.308,12,4,8,0.33299999999999996,2,2,4,0
2018-11-12,1610612763,1610612762,2018,88.0,96.0,184.0,11,7,4,0.636,12,6,6,0.5,5,2,2,4
2018-11-12,1610612750,1610612751,2018,120.0,113.0,233.0,13,4,9,0.308,13,6,7,0.462,4,0,3,3
2018-11-12,1610612760,1610612756,2018,118.0,101.0,219.0,12,7,5,0.583,12,2,10,0.16699999999999998,4,3,2,0
2018-11-12,1610612758,1610612759,2018,104.0,99.0,203.0,13,7,6,0.5379999999999999,11,7,4,0.636,3,4,5,2
2018-11-12,1610612746,1610612744,2018,121.0,116.0,237.0,12,7,5,0.583,13,11,2,0.846,5,2,7,4
2018-11-11,1610612765,1610612766,2018,103.0,113.0,216.0,11,6,5,0.545,12,6,6,0.5,3,3,4,2
2018-11-11,1610612745,1610612754,2018,115.0,103.0,218.0,11,4,7,0.364,13,8,5,0.615,0,4,3,5
2018-11-11,1610612752,1610612753,2018,89.0,115.0,204.0,13,4,9,0.308,12,5,7,0.41700000000000004,2,2,3,2
2018-11-11,1610612743,1610612749,2018,114.0,121.0,235.0,12,9,3,0.75,12,9,3,0.75,6,3,6,3
2018-11-11,1610612757,1610612738,2018,100.0,94.0,194.0,12,9,3,0.75,12,7,5,0.583,6,3,3,4
2018-11-11,1610612747,1610612737,2018,107.0,106.0,213.0,12,6,6,0.5,12,3,9,0.25,3,3,2,1
2018-11-10,1610612761,1610612752,2018,128.0,112.0,240.0,12,11,1,0.917,12,4,8,0.33299999999999996,6,5,2,2
2018-11-10,1610612746,1610612749,2018,128.0,126.0,254.0,11,6,5,0.545,11,9,2,0.818,4,2,6,3
2018-11-10,1610612740,1610612756,2018,119.0,99.0,218.0,11,5,6,0.455,11,2,9,0.182,4,1,2,0
2018-11-10,1610612748,1610612764,2018,110.0,116.0,226.0,11,5,6,0.455,11,2,9,0.182,3,2,1,1
2018-11-10,1610612741,1610612739,2018,99.0,98.0,197.0,12,3,9,0.25,11,1,10,0.091,1,2,1,0
2018-11-10,1610612763,1610612755,2018,112.0,106.0,218.0,10,6,4,0.6,13,8,5,0.615,4,2,7,1
2018-11-10,1610612759,1610612745,2018,96.0,89.0,185.0,10,6,4,0.6,10,4,6,0.4,4,2,0,4
2018-11-10,1610612744,1610612751,2018,116.0,100.0,216.0,12,10,2,0.833,12,6,6,0.5,6,4,3,3
2018-11-10,1610612742,1610612760,2018,111.0,96.0,207.0,11,3,8,0.273,11,7,4,0.636,3,0,4,3
2018-11-10,1610612758,1610612747,2018,86.0,101.0,187.0,12,7,5,0.583,11,5,6,0.455,3,4,3,2
2018-11-09,1610612753,1610612764,2018,117.0,108.0,225.0,11,4,7,0.364,10,2,8,0.2,2,2,1,1
2018-11-09,1610612755,1610612766,2018,133.0,132.0,265.0,12,7,5,0.583,11,6,5,0.545,6,1,4,2
2018-11-09,1610612737,1610612765,2018,109.0,124.0,233.0,11,3,8,0.273,10,5,5,0.5,2,1,3,2
2018-11-09,1610612748,1610612754,2018,102.0,110.0,212.0,10,5,5,0.5,12,7,5,0.583,3,2,3,4
2018-11-09,1610612743,1610612751,2018,110.0,112.0,222.0,11,9,2,0.818,11,5,6,0.455,6,3,3,2
2018-11-09,1610612762,1610612738,2018,123.0,115.0,238.0,11,5,6,0.455,11,7,4,0.636,1,4,3,4
2018-11-09,1610612758,1610612750,2018,121.0,110.0,231.0,11,6,5,0.545,12,4,8,0.33299999999999996,2,4,4,0
2018-11-08,1610612760,1610612745,2018,98.0,80.0,178.0,10,6,4,0.6,9,4,5,0.444,3,3,0,4
2018-11-08,1610612756,1610612738,2018,109.0,116.0,225.0,10,2,8,0.2,10,6,4,0.6,2,0,3,3
2018-11-08,1610612757,1610612746,2018,116.0,105.0,221.0,11,8,3,0.727,10,6,4,0.6,5,3,4,2
2018-11-08,1610612744,1610612749,2018,111.0,134.0,245.0,11,10,1,0.909,10,8,2,0.8,6,4,6,2
2018-11-07,1610612739,1610612760,2018,86.0,95.0,181.0,10,1,9,0.1,9,5,4,0.556,1,0,3,2
2018-11-07,1610612753,1610612765,2018,96.0,103.0,199.0,10,4,6,0.4,9,4,5,0.444,2,2,3,1
2018-11-07,1610612737,1610612752,2018,107.0,112.0,219.0,10,3,7,0.3,11,3,8,0.273,2,1,2,1
2018-11-07,1610612748,1610612759,2018,95.0,88.0,183.0,9,4,5,0.444,9,6,3,0.667,2,2,4,2
2018-11-07,1610612754,1610612755,2018,94.0,100.0,194.0,11,7,4,0.636,11,6,5,0.545,3,4,6,0
2018-11-07,1610612763,1610612743,2018,89.0,87.0,176.0,9,5,4,0.556,10,9,1,0.9,3,2,6,3
2018-11-07,1610612740,1610612741,2018,107.0,98.0,205.0,10,4,6,0.4,11,3,8,0.273,3,1,1,2
2018-11-07,1610612762,1610612742,2018,117.0,102.0,219.0,10,4,6,0.4,10,3,7,0.3,0,4,3,0
2018-11-07,1610612758,1610612761,2018,105.0,114.0,219.0,10,6,4,0.6,11,10,1,0.909,2,4,6,4
2018-11-07,1610612747,1610612750,2018,114.0,110.0,224.0,10,4,6,0.4,11,4,7,0.364,2,2,4,0
2018-11-06,1610612766,1610612737,2018,113.0,102.0,215.0,10,5,5,0.5,9,3,6,0.33299999999999996,3,2,2,1
2018-11-06,1610612742,1610612764,2018,119.0,100.0,219.0,9,2,7,0.222,9,2,7,0.222,2,0,1,1
2018-11-06,1610612756,1610612751,2018,82.0,104.0,186.0,9,2,7,0.222,10,4,6,0.4,2,0,3,1
2018-11-06,1610612757,1610612749,2018,118.0,103.0,221.0,10,7,3,0.7,9,8,1,0.889,4,3,6,2
2018-11-05,1610612765,1610612748,2018,115.0,120.0,235.0,8,4,4,0.5,8,3,5,0.375,3,1,2,1
2018-11-05,1610612754,1610612745,2018,94.0,98.0,192.0,10,7,3,0.7,8,3,5,0.375,3,4,0,3
2018-11-05,1610612753,1610612739,2018,102.0,100.0,202.0,9,3,6,0.33299999999999996,9,1,8,0.111,1,2,1,0
2018-11-05,1610612752,1610612741,2018,115.0,116.0,231.0,10,3,7,0.3,10,2,8,0.2,2,1,1,1
2018-11-05,1610612760,1610612740,2018,122.0,116.0,238.0,8,4,4,0.5,9,4,5,0.444,2,2,3,1
2018-11-05,1610612743,1610612738,2018,115.0,107.0,222.0,9,8,1,0.889,9,6,3,0.667,5,3,3,3
2018-11-05,1610612762,1610612761,2018,111.0,124.0,235.0,9,4,5,0.444,10,9,1,0.9,0,4,6,3
2018-11-05,1610612744,1610612763,2018,117.0,101.0,218.0,10,9,1,0.9,8,5,3,0.625,5,4,3,2
2018-11-05,1610612746,1610612750,2018,120.0,109.0,229.0,9,5,4,0.556,10,4,6,0.4,3,2,4,0
2018-11-04,1610612749,1610612758,2018,144.0,109.0,253.0,8,7,1,0.875,9,6,3,0.667,5,2,2,4
2018-11-04,1610612751,1610612755,2018,122.0,97.0,219.0,9,3,6,0.33299999999999996,10,6,4,0.6,2,1,6,0
2018-11-04,1610612764,1610612752,2018,108.0,95.0,203.0,8,1,7,0.125,9,3,6,0.33299999999999996,0,1,2,1
2018-11-04,1610612759,1610612753,2018,110.0,117.0,227.0,8,6,2,0.75,8,2,6,0.25,4,2,1,1
2018-11-04,1610612756,1610612763,2018,102.0,100.0,202.0,8,1,7,0.125,7,5,2,0.7140000000000001,1,0,3,2
2018-11-04,1610612757,1610612750,2018,111.0,81.0,192.0,9,6,3,0.667,9,4,5,0.444,3,3,4,0
2018-11-04,1610612747,1610612761,2018,107.0,121.0,228.0,9,4,5,0.444,9,8,1,0.889,2,2,6,2
2018-11-03,1610612755,1610612765,2018,109.0,99.0,208.0,9,5,4,0.556,7,4,3,0.5710000000000001,5,0,3,1
2018-11-03,1610612766,1610612739,2018,126.0,94.0,220.0,9,4,5,0.444,8,1,7,0.125,2,2,1,0
2018-11-03,1610612754,1610612738,2018,102.0,101.0,203.0,9,6,3,0.667,8,6,2,0.75,2,4,3,3
2018-11-03,1610612737,1610612748,2018,123.0,118.0,241.0,8,2,6,0.25,7,3,4,0.429,1,1,2,1
2018-11-03,1610612741,1610612745,2018,88.0,96.0,184.0,9,2,7,0.222,7,2,5,0.28600000000000003,1,1,0,2
2018-11-03,1610612759,1610612740,2018,109.0,95.0,204.0,7,5,2,0.7140000000000001,8,4,4,0.5,3,2,3,1
2018-11-03,1610612743,1610612762,2018,103.0,88.0,191.0,8,7,1,0.875,8,4,4,0.5,4,3,0,4
2018-11-03,1610612757,1610612747,2018,110.0,114.0,224.0,8,6,2,0.75,8,3,5,0.375,3,3,2,1
2018-11-02,1610612753,1610612746,2018,95.0,120.0,215.0,7,2,5,0.28600000000000003,8,4,4,0.5,1,1,3,1
2018-11-02,1610612751,1610612745,2018,111.0,119.0,230.0,8,3,5,0.375,6,1,5,0.16699999999999998,2,1,0,1
2018-11-02,1610612764,1610612760,2018,111.0,134.0,245.0,7,1,6,0.14300000000000002,7,3,4,0.429,0,1,2,1
2018-11-02,1610612741,1610612754,2018,105.0,107.0,212.0,8,2,6,0.25,8,5,3,0.625,1,1,2,3
2018-11-02,1610612742,1610612752,2018,106.0,118.0,224.0,8,2,6,0.25,8,2,6,0.25,2,0,2,0
2018-11-02,1610612762,1610612763,2018,100.0,110.0,210.0,7,4,3,0.5710000000000001,6,4,2,0.667,0,4,3,1
2018-11-02,1610612756,1610612761,2018,98.0,107.0,205.0,7,1,6,0.14300000000000002,8,7,1,0.875,1,0,6,1
2018-11-02,1610612744,1610612750,2018,116.0,99.0,215.0,9,8,1,0.889,8,4,4,0.5,4,4,4,0
2018-11-01,1610612766,1610612760,2018,107.0,111.0,218.0,8,4,4,0.5,6,2,4,0.33299999999999996,2,2,2,0
2018-11-01,1610612739,1610612743,2018,91.0,110.0,201.0,7,1,6,0.14300000000000002,7,6,1,0.857,1,0,4,2
2018-11-01,1610612755,1610612746,2018,122.0,113.0,235.0,8,4,4,0.5,7,4,3,0.5710000000000001,4,0,3,1
2018-11-01,1610612737,1610612758,2018,115.0,146.0,261.0,7,2,5,0.28600000000000003,8,5,3,0.625,1,1,2,3
2018-11-01,1610612738,1610612749,2018,117.0,113.0,230.0,7,5,2,0.7140000000000001,7,7,0,1.0,2,3,5,2
2018-11-01,1610612757,1610612740,2018,132.0,119.0,251.0,7,5,2,0.7140000000000001,7,4,3,0.5710000000000001,2,3,3,1
2018-10-31,1610612751,1610612765,2018,120.0,119.0,239.0,7,2,5,0.28600000000000003,6,4,2,0.667,1,1,3,1
2018-10-31,1610612752,1610612754,2018,101.0,107.0,208.0,7,2,5,0.28600000000000003,7,4,3,0.5710000000000001,2,0,2,2
2018-10-31,1610612741,1610612743,2018,107.0,108.0,215.0,7,2,5,0.28600000000000003,6,5,1,0.833,1,1,4,1
2018-10-31,1610612750,1610612762,2018,128.0,125.0,253.0,7,3,4,0.429,6,4,2,0.667,3,0,0,4
2018-10-31,1610612744,1610612740,2018,131.0,121.0,252.0,8,7,1,0.875,6,4,2,0.667,3,4,3,1
2018-10-31,1610612747,1610612742,2018,114.0,113.0,227.0,7,2,5,0.28600000000000003,7,2,5,0.28600000000000003,1,1,2,0
2018-10-31,1610612756,1610612759,2018,90.0,120.0,210.0,6,1,5,0.16699999999999998,6,4,2,0.667,1,0,3,1
2018-10-30,1610612766,1610612748,2018,125.0,113.0,238.0,7,3,4,0.429,6,3,3,0.5,1,2,2,1
2018-10-30,1610612739,1610612737,2018,136.0,114.0,250.0,6,0,6,0.0,6,2,4,0.33299999999999996,0,0,1,1
2018-10-30,1610612753,1610612758,2018,99.0,107.0,206.0,6,2,4,0.33299999999999996,7,4,3,0.5710000000000001,1,1,2,2
2018-10-30,1610612738,1610612765,2018,108.0,105.0,213.0,6,4,2,0.667,5,4,1,0.8,1,3,3,1
2018-10-30,1610612761,1610612755,2018,129.0,112.0,241.0,7,6,1,0.857,7,4,3,0.5710000000000001,5,1,4,0
2018-10-30,1610612745,1610612757,2018,85.0,104.0,189.0,5,1,4,0.2,6,4,2,0.667,0,1,2,2
2018-10-30,1610612763,1610612764,2018,107.0,95.0,202.0,5,3,2,0.6,6,1,5,0.16699999999999998,2,1,0,1
2018-10-30,1610612760,1610612746,2018,128.0,110.0,238.0,5,1,4,0.2,6,4,2,0.667,1,0,3,1
2018-10-29,1610612754,1610612757,2018,93.0,103.0,196.0,6,4,2,0.667,5,3,2,0.6,2,2,2,1
2018-10-29,1610612755,1610612737,2018,113.0,92.0,205.0,6,3,3,0.5,5,2,3,0.4,3,0,1,1
2018-10-29,1610612748,1610612758,2018,113.0,123.0,236.0,5,3,2,0.6,6,3,3,0.5,2,1,2,1
2018-10-29,1610612752,1610612751,2018,115.0,96.0,211.0,6,1,5,0.16699999999999998,6,2,4,0.33299999999999996,1,0,1,1
2018-10-29,1610612741,1610612744,2018,124.0,149.0,273.0,6,2,4,0.33299999999999996,7,6,1,0.857,1,1,3,3
2018-10-29,1610612749,1610612761,2018,124.0,109.0,233.0,6,6,0,1.0,6,6,0,1.0,4,2,5,1
2018-10-29,1610612750,1610612747,2018,124.0,120.0,244.0,6,2,4,0.33299999999999996,6,2,4,0.33299999999999996,2,0,1,1
2018-10-29,1610612759,1610612742,2018,113.0,108.0,221.0,5,3,2,0.6,6,2,4,0.33299999999999996,2,1,2,0
2018-10-29,1610612743,1610612740,2018,116.0,111.0,227.0,5,4,1,0.8,5,4,1,0.8,3,1,3,1
2018-10-28,1610612751,1610612744,2018,114.0,120.0,234.0,5,2,3,0.4,6,5,1,0.833,1,1,3,2
2018-10-28,1610612742,1610612762,2018,104.0,113.0,217.0,5,2,3,0.4,5,3,2,0.6,2,0,0,3
2018-10-28,1610612760,1610612756,2018,117.0,110.0,227.0,4,0,4,0.0,5,1,4,0.2,0,0,1,0
2018-10-28,1610612746,1610612764,2018,136.0,104.0,240.0,5,3,2,0.6,5,1,4,0.2,2,1,0,1
2018-10-27,1610612765,1610612738,2018,89.0,109.0,198.0,4,4,0,1.0,5,3,2,0.6,3,1,1,2
2018-10-27,1610612740,1610612762,2018,111.0,132.0,243.0,4,4,0,1.0,4,2,2,0.5,3,1,0,2
2018-10-27,1610612737,1610612741,2018,85.0,97.0,182.0,4,2,2,0.5,5,1,4,0.2,1,1,1,0
2018-10-27,1610612739,1610612754,2018,107.0,119.0,226.0,5,0,5,0.0,5,3,2,0.6,0,0,2,1
2018-10-27,1610612755,1610612766,2018,105.0,103.0,208.0,5,2,3,0.4,6,3,3,0.5,2,0,1,2
2018-10-27,1610612748,1610612757,2018,120.0,111.0,231.0,4,2,2,0.5,4,3,1,0.75,1,1,2,1
2018-10-27,1610612763,1610612756,2018,117.0,96.0,213.0,4,2,2,0.5,4,1,3,0.25,1,1,1,0
2018-10-27,1610612749,1610612753,2018,113.0,91.0,204.0,5,5,0,1.0,5,2,3,0.4,3,2,1,1
2018-10-27,1610612759,1610612747,2018,110.0,106.0,216.0,4,2,2,0.5,5,2,3,0.4,1,1,1,1
2018-10-26,1610612766,1610612741,2018,135.0,106.0,241.0,5,2,3,0.4,4,1,3,0.25,0,2,1,0
2018-10-26,1610612752,1610612744,2018,100.0,128.0,228.0,5,1,4,0.2,5,4,1,0.8,1,0,3,1
2018-10-26,1610612761,1610612742,2018,116.0,107.0,223.0,5,5,0,1.0,4,2,2,0.5,4,1,2,0
2018-10-26,1610612745,1610612746,2018,113.0,133.0,246.0,4,1,3,0.25,4,2,2,0.5,0,1,2,0
2018-10-26,1610612750,1610612749,2018,95.0,125.0,220.0,5,2,3,0.4,4,4,0,1.0,2,0,3,1
2018-10-26,1610612740,1610612751,2018,117.0,115.0,232.0,3,3,0,1.0,4,2,2,0.5,2,1,1,1
2018-10-26,1610612758,1610612764,2018,116.0,112.0,228.0,5,2,3,0.4,4,1,3,0.25,1,1,0,1
2018-10-25,1610612765,1610612739,2018,110.0,103.0,213.0,3,3,0,1.0,4,0,4,0.0,2,1,0,0
2018-10-25,1610612753,1610612757,2018,114.0,128.0,242.0,4,2,2,0.5,3,2,1,0.667,1,1,2,0
2018-10-25,1610612760,1610612738,2018,95.0,101.0,196.0,3,0,3,0.0,4,2,2,0.5,0,0,1,1
2018-10-25,1610612747,1610612743,2018,121.0,114.0,235.0,4,1,3,0.25,4,4,0,1.0,0,1,3,1
2018-10-24,1610612737,1610612742,2018,111.0,104.0,215.0,3,1,2,0.33299999999999996,3,2,1,0.667,0,1,2,0
2018-10-24,1610612739,1610612751,2018,86.0,102.0,188.0,3,0,3,0.0,3,1,2,0.33299999999999996,0,0,1,0
2018-10-24,1610612748,1610612752,2018,110.0,87.0,197.0,3,1,2,0.33299999999999996,4,1,3,0.25,0,1,1,0
2018-10-24,1610612761,1610612750,2018,112.0,105.0,217.0,4,4,0,1.0,4,2,2,0.5,3,1,2,0
2018-10-24,1610612741,1610612766,2018,112.0,110.0,222.0,3,0,3,0.0,4,2,2,0.5,0,0,0,2
2018-10-24,1610612745,1610612762,2018,89.0,100.0,189.0,3,1,2,0.33299999999999996,3,1,2,0.33299999999999996,0,1,0,1
2018-10-24,1610612759,1610612754,2018,96.0,116.0,212.0,3,2,1,0.667,4,2,2,0.5,1,1,2,0
2018-10-24,1610612749,1610612755,2018,123.0,108.0,231.0,3,3,0,1.0,4,2,2,0.5,2,1,2,0
2018-10-24,1610612756,1610612747,2018,113.0,131.0,244.0,3,1,2,0.33299999999999996,3,0,3,0.0,1,0,0,0
2018-10-24,1610612758,1610612763,2018,97.0,92.0,189.0,4,1,3,0.25,3,2,1,0.667,0,1,1,1
2018-10-24,1610612744,1610612764,2018,144.0,122.0,266.0,4,3,1,0.75,3,1,2,0.33299999999999996,2,1,0,1
2018-10-23,1610612765,1610612755,2018,133.0,132.0,265.0,2,2,0,1.0,3,2,1,0.667,1,1,2,0
2018-10-23,1610612740,1610612746,2018,116.0,109.0,225.0,2,2,0,1.0,3,2,1,0.667,1,1,2,0
2018-10-23,1610612743,1610612758,2018,126.0,112.0,238.0,3,3,0,1.0,3,1,2,0.33299999999999996,2,1,0,1
2018-10-22,1610612738,1610612753,2018,90.0,93.0,183.0,3,2,1,0.667,3,1,2,0.33299999999999996,1,1,1,0
2018-10-22,1610612761,1610612766,2018,127.0,106.0,233.0,3,3,0,1.0,3,2,1,0.667,2,1,0,2
2018-10-22,1610612749,1610612752,2018,124.0,113.0,237.0,2,2,0,1.0,3,1,2,0.33299999999999996,1,1,1,0
2018-10-22,1610612750,1610612754,2018,101.0,91.0,192.0,3,1,2,0.33299999999999996,3,2,1,0.667,1,0,2,0
2018-10-22,1610612742,1610612741,2018,115.0,109.0,224.0,2,1,1,0.5,2,0,2,0.0,1,0,0,0
2018-10-22,1610612762,1610612763,2018,84.0,92.0,176.0,2,1,1,0.5,2,1,1,0.5,0,1,1,0
2018-10-22,1610612757,1610612764,2018,124.0,125.0,249.0,2,2,0,1.0,2,0,2,0.0,2,0,0,0
2018-10-22,1610612744,1610612756,2018,123.0,103.0,226.0,3,2,1,0.667,2,1,1,0.5,1,1,1,0
2018-10-22,1610612747,1610612759,2018,142.0,143.0,285.0,2,0,2,0.0,2,1,1,0.5,0,0,1,0
2018-10-21,1610612739,1610612737,2018,111.0,133.0,244.0,2,0,2,0.0,2,0,2,0.0,0,0,0,0
2018-10-21,1610612760,1610612758,2018,120.0,131.0,251.0,2,0,2,0.0,2,0,2,0.0,0,0,0,0
2018-10-21,1610612743,1610612744,2018,100.0,98.0,198.0,2,2,0,1.0,2,2,0,1.0,1,1,1,1
2018-10-21,1610612746,1610612745,2018,115.0,112.0,227.0,2,1,1,0.5,2,1,1,0.5,1,0,0,1
2018-10-20,1610612754,1610612751,2018,132.0,112.0,244.0,2,1,1,0.5,2,1,1,0.5,1,0,1,0
2018-10-20,1610612764,1610612761,2018,113.0,117.0,230.0,1,0,1,0.0,2,2,0,1.0,0,0,2,0
2018-10-20,1610612752,1610612738,2018,101.0,103.0,204.0,2,1,1,0.5,2,1,1,0.5,1,0,1,0
2018-10-20,1610612755,1610612753,2018,116.0,115.0,231.0,2,1,1,0.5,2,1,1,0.5,1,0,1,0
2018-10-20,1610612748,1610612766,2018,112.0,113.0,225.0,2,1,1,0.5,2,1,1,0.5,0,1,0,1
2018-10-20,1610612741,1610612765,2018,116.0,118.0,234.0,1,0,1,0.0,1,1,0,1.0,0,0,1,0
2018-10-20,1610612742,1610612750,2018,140.0,136.0,276.0,1,0,1,0.0,2,1,1,0.5,0,0,1,0
2018-10-20,1610612743,1610612756,2018,119.0,91.0,210.0,1,1,0,1.0,1,1,0,1.0,0,1,1,0
2018-10-20,1610612757,1610612759,2018,121.0,108.0,229.0,1,1,0,1.0,1,1,0,1.0,1,0,1,0
2018-10-20,1610612747,1610612745,2018,115.0,124.0,239.0,1,0,1,0.0,1,0,1,0.0,0,0,0,0
2018-10-19,1610612753,1610612766,2018,88.0,120.0,208.0,1,1,0,1.0,1,0,1,0.0,1,0,0,0
2018-10-19,1610612751,1610612752,2018,107.0,105.0,212.0,1,0,1,0.0,1,1,0,1.0,0,0,1,0
2018-10-19,1610612761,1610612738,2018,113.0,101.0,214.0,1,1,0,1.0,1,1,0,1.0,1,0,1,0
2018-10-19,1610612763,1610612737,2018,131.0,117.0,248.0,1,0,1,0.0,1,0,1,0.0,0,0,0,0
2018-10-19,1610612750,1610612739,2018,131.0,123.0,254.0,1,0,1,0.0,1,0,1,0.0,0,0,0,0
2018-10-19,1610612740,1610612758,2018,149.0,129.0,278.0,1,1,0,1.0,1,0,1,0.0,0,1,0,0
2018-10-19,1610612749,1610612754,2018,118.0,101.0,219.0,1,1,0,1.0,1,1,0,1.0,0,1,1,0
2018-10-19,1610612762,1610612744,2018,123.0,124.0,247.0,1,1,0,1.0,1,1,0,1.0,0,1,1,0
2018-10-19,1610612746,1610612760,2018,108.0,92.0,200.0,1,0,1,0.0,1,0,1,0.0,0,0,0,0
2018-10-18,1610612755,1610612741,2018,127.0,108.0,235.0,1,0,1,0.0,0,0,0,0.0,0,0,0,0
2018-10-18,1610612764,1610612748,2018,112.0,113.0,225.0,0,0,0,0.0,1,0,1,0.0,0,0,0,0
2018-10-18,1610612757,1610612747,2018,128.0,119.0,247.0,0,0,0,0.0,0,0,0,0.0,0,0,0,0
2018-10-17,1610612766,1610612749,2018,112.0,113.0,225.0,0,0,0,0.0,0,0,0,0.0,0,0,0,0
2018-10-17,1610612765,1610612751,2018,103.0,100.0,203.0,0,0,0,0.0,0,0,0,0.0,0,0,0,0
2018-10-17,1610612754,1610612763,2018,111.0,83.0,194.0,0,0,0,0.0,0,0,0,0.0,0,0,0,0
2018-10-17,1610612753,1610612748,2018,104.0,101.0,205.0,0,0,0,0.0,0,0,0,0.0,0,0,0,0
2018-10-17,1610612752,1610612737,2018,126.0,107.0,233.0,0,0,0,0.0,0,0,0,0.0,0,0,0,0
2018-10-17,1610612761,1610612739,2018,116.0,104.0,220.0,0,0,0,0.0,0,0,0,0.0,0,0,0,0
2018-10-17,1610612745,1610612740,2018,112.0,131.0,243.0,0,0,0,0.0,0,0,0,0.0,0,0,0,0
2018-10-17,1610612759,1610612750,2018,112.0,108.0,220.0,0,0,0,0.0,0,0,0,0.0,0,0,0,0
2018-10-17,1610612758,1610612762,2018,117.0,123.0,240.0,0,0,0,0.0,0,0,0,0.0,0,0,0,0
2018-10-17,1610612746,1610612743,2018,98.0,107.0,205.0,0,0,0,0.0,0,0,0,0.0,0,0,0,0
2018-10-17,1610612756,1610612742,2018,121.0,100.0,221.0,0,0,0,0.0,0,0,0,0.0,0,0,0,0
2018-10-16,1610612738,1610612755,2018,105.0,87.0,192.0,0,0,0,0.0,0,0,0,0.0,0,0,0,0
2018-10-16,1610612744,1610612760,2018,108.0,100.0,208.0,0,0,0,0.0,0,0,0,0.0,0,0,0,0
2018-10-12,1610612753,1610612759,2018,81.0,100.0,181.0,0,0,0,0.0,0,0,0,0.0,0,0,0,0
2018-10-12,1610612742,1610612766,2018,118.0,123.0,241.0,0,0,0,0.0,0,0,0,0.0,0,0,0,0
2018-10-12,1610612739,1610612765,2018,110.0,129.0,239.0,0,0,0,0.0,0,0,0,0.0,0,0,0,0
2018-10-12,1610612752,1610612751,2018,107.0,113.0,220.0,0,0,0,0.0,0,0,0,0.0,0,0,0,0
2018-10-12,1610612748,1610612737,2018,119.0,113.0,232.0,0,0,0,0.0,0,0,0,0.0,0,0,0,0
2018-10-12,1610612741,1610612743,2018,93.0,98.0,191.0,0,0,0,0.0,0,0,0,0.0,0,0,0,0
2018-10-12,1610612763,1610612745,2018,103.0,121.0,224.0,0,0,0,0.0,0,0,0,0.0,0,0,0,0
2018-10-12,1610612749,1610612750,2018,143.0,121.0,264.0,0,0,0,0.0,0,0,0,0.0,0,0,0,0
2018-10-12,1610612757,1610612758,2018,118.0,115.0,233.0,0,0,0,0.0,0,0,0,0.0,0,0,0,0
2018-10-12,1610612744,1610612747,2018,105.0,119.0,224.0,0,0,0,0.0,0,0,0,0.0,0,0,0,0
2018-10-11,1610612740,1610612761,2018,119.0,134.0,253.0,0,0,0,0.0,0,0,0,0.0,0,0,0,0
2018-10-11,1610612758,1610612762,2018,93.0,132.0,225.0,0,0,0,0.0,0,0,0,0.0,0,0,0,0
2018-10-10,1610612765,1610612764,2018,97.0,102.0,199.0,0,0,0,0.0,0,0,0,0.0,0,0,0,0
2018-10-10,1610612753,1610612763,2018,102.0,86.0,188.0,0,0,0,0.0,0,0,0,0.0,0,0,0,0
2018-10-10,1610612761,1610612751,2018,118.0,91.0,209.0,0,0,0,0.0,0,0,0,0.0,0,0,0,0
2018-10-10,1610612737,1610612759,2018,130.0,127.0,257.0,0,0,0,0.0,0,0,0,0.0,0,0,0,0
2018-10-10,1610612748,1610612740,2018,140.0,128.0,268.0,0,0,0,0.0,0,0,0,0.0,0,0,0,0
2018-10-10,1610612741,1610612754,2018,104.0,89.0,193.0,0,0,0,0.0,0,0,0,0.0,0,0,0,0
2018-10-10,1610612757,1610612756,2018,116.0,83.0,199.0,0,0,0,0.0,0,0,0,0.0,0,0,0,0
2018-10-10,1610612747,1610612744,2018,123.0,113.0,236.0,0,0,0,0.0,0,0,0,0.0,0,0,0,0
2018-10-09,1610612760,1610612749,2018,119.0,115.0,234.0,0,0,0,0.0,0,0,0,0.0,0,0,0,0
2018-10-09,1610612746,1610612743,2018,109.0,103.0,212.0,0,0,0,0.0,0,0,0,0.0,0,0,0,0
2018-10-08,1610612755,1610612742,2018,112.0,115.0,227.0,0,0,0,0.0,0,0,0,0.0,0,0,0,0
2018-10-08,1610612766,1610612741,2018,110.0,104.0,214.0,0,0,0,0.0,0,0,0,0.0,0,0,0,0
2018-10-08,1610612739,1610612754,2018,102.0,111.0,213.0,0,0,0,0.0,0,0,0,0.0,0,0,0,0
2018-10-08,1610612765,1610612751,2018,108.0,110.0,218.0,0,0,0,0.0,0,0,0,0.0,0,0,0,0
2018-10-08,1610612748,1610612753,2018,90.0,89.0,179.0,0,0,0,0.0,0,0,0,0.0,0,0,0,0
2018-10-08,1610612752,1610612764,2018,98.0,110.0,208.0,0,0,0,0.0,0,0,0,0.0,0,0,0,0
2018-10-08,1610612744,1610612756,2018,109.0,117.0,226.0,0,0,0,0.0,0,0,0,0.0,0,0,0,0
2018-10-07,1610612760,1610612737,2018,113.0,94.0,207.0,0,0,0,0.0,0,0,0,0.0,0,0,0,0
2018-10-07,1610612759,1610612745,2018,93.0,108.0,201.0,0,0,0,0.0,0,0,0,0.0,0,0,0,0
2018-10-07,1610612750,1610612749,2018,107.0,125.0,232.0,0,0,0,0.0,0,0,0,0.0,0,0,0,0
2018-10-07,1610612757,1610612762,2018,112.0,123.0,235.0,0,0,0,0.0,0,0,0,0.0,0,0,0,0
2018-10-06,1610612739,1610612738,2018,113.0,102.0,215.0,0,0,0,0.0,0,0,0,0.0,0,0,0,0
2018-10-06,1610612763,1610612754,2018,109.0,104.0,213.0,0,0,0,0.0,0,0,0,0.0,0,0,0,0
2018-10-06,1610612747,1610612746,2018,87.0,103.0,190.0,0,0,0,0.0,0,0,0,0.0,0,0,0,0
2018-10-05,1610612742,1610612755,2018,114.0,120.0,234.0,0,0,0,0.0,0,0,0,0.0,0,0,0,0
2018-10-05,1610612764,1610612748,2018,121.0,114.0,235.0,0,0,0,0.0,0,0,0,0.0,0,0,0,0
2018-10-05,1610612752,1610612740,2018,106.0,100.0,206.0,0,0,0,0.0,0,0,0,0.0,0,0,0,0
2018-10-05,1610612763,1610612737,2018,120.0,110.0,230.0,0,0,0,0.0,0,0,0,0.0,0,0,0,0
2018-10-05,1610612750,1610612760,2018,101.0,113.0,214.0,0,0,0,0.0,0,0,0,0.0,0,0,0,0
2018-10-05,1610612759,1610612765,2018,117.0,93.0,210.0,0,0,0,0.0,0,0,0,0.0,0,0,0,0
2018-10-05,1610612756,1610612757,2018,93.0,115.0,208.0,0,0,0,0.0,0,0,0,0.0,0,0,0,0
2018-10-05,1610612744,1610612758,2018,122.0,94.0,216.0,0,0,0,0.0,0,0,0,0.0,0,0,0,0
2018-10-04,1610612745,1610612754,2018,100.0,110.0,210.0,0,0,0,0.0,0,0,0,0.0,0,0,0,0
2018-10-04,1610612747,1610612758,2018,128.0,123.0,251.0,0,0,0,0.0,0,0,0,0.0,0,0,0,0
2018-10-03,1610612751,1610612752,2018,102.0,107.0,209.0,0,0,0,0.0,0,0,0,0.0,0,0,0,0
2018-10-03,1610612749,1610612741,2018,116.0,82.0,198.0,0,0,0,0.0,0,0,0,0.0,0,0,0,0
2018-10-03,1610612760,1610612765,2018,91.0,97.0,188.0,0,0,0,0.0,0,0,0,0.0,0,0,0,0
2018-10-03,1610612746,1610612750,2018,128.0,101.0,229.0,0,0,0,0.0,0,0,0,0.0,0,0,0,0
2018-10-02,1610612766,1610612748,2018,122.0,113.0,235.0,0,0,0,0.0,0,0,0,0.0,0,0,0,0
2018-10-02,1610612738,1610612739,2018,95.0,102.0,197.0,0,0,0,0.0,0,0,0,0.0,0,0,0,0
2018-10-02,1610612745,1610612763,2018,131.0,115.0,246.0,0,0,0,0.0,0,0,0,0.0,0,0,0,0
2018-10-02,1610612762,1610612761,2018,105.0,90.0,195.0,0,0,0,0.0,0,0,0,0.0,0,0,0,0
2018-10-02,1610612747,1610612743,2018,111.0,113.0,224.0,0,0,0,0.0,0,0,0,0.0,0,0,0,0
2018-10-01,1610612755,1610612753,2018,120.0,114.0,234.0,0,0,0,0.0,0,0,0,0.0,0,0,0,0
2018-10-01,1610612764,1610612752,2018,121.0,124.0,245.0,0,0,0,0.0,0,0,0,0.0,0,0,0,0
2018-10-01,1610612737,1610612740,2018,116.0,102.0,218.0,0,0,0,0.0,0,0,0,0.0,0,0,0,0
2018-10-01,1610612756,1610612758,2018,102.0,106.0,208.0,0,0,0,0.0,0,0,0,0.0,0,0,0,0
2018-09-30,1610612759,1610612748,2018,104.0,100.0,204.0,0,0,0,0.0,0,0,0,0.0,0,0,0,0
2018-09-30,1610612738,1610612766,2018,115.0,112.0,227.0,0,0,0,0.0,0,0,0,0.0,0,0,0,0
2018-09-30,1610612741,1610612740,2018,128.0,116.0,244.0,0,0,0,0.0,0,0,0,0.0,0,0,0,0
2018-09-30,1610612747,1610612743,2018,107.0,124.0,231.0,0,0,0,0.0,0,0,0,0.0,0,0,0,0
2018-09-29,1610612761,1610612757,2018,122.0,104.0,226.0,0,0,0,0.0,0,0,0,0.0,0,0,0,0
2018-09-29,1610612744,1610612750,2018,110.0,114.0,224.0,0,0,0,0.0,0,0,0,0.0,0,0,0,0
2018-09-28,1610612766,1610612738,2018,104.0,97.0,201.0,0,0,0,0.0,0,0,0,0.0,0,0,0,0
